Weight Shape: (5, 1)
0.6719111800193787
0.1155647039413452
0.9610962271690369
-0.5915338993072510
-0.5799084305763245
Bias Shape: (5,)
-0.9529285430908203
-0.5862104892730713
0.5792257785797119
-0.0392258316278458
-1.0031172037124634
Activation Code: 1

Weight Shape: (5, 5)
0.1764388829469681 -0.0585197433829308 -0.0902928411960602 0.4454629123210907 0.4945032596588135
-0.3920270204544067 0.2910163700580597 -0.4929436147212982 0.3070706129074097 -0.8490796089172363
0.2662163972854614 -0.2588427960872650 -0.4254841208457947 -0.0300446450710297 -0.0086611313745379
-0.1176227778196335 0.4145614802837372 -0.4081050753593445 0.1079953536391258 0.5561271309852600
1.0552968978881836 -0.1048854142427444 -0.0772500261664391 0.5439324975013733 -0.0690509676933289
Bias Shape: (5,)
-0.3438388109207153
0.8482282757759094
0.5454598069190979
-0.3936599195003510
-0.1889908760786057
Activation Code: 1

Weight Shape: (5, 5)
-0.3791777491569519 0.1569879949092865 -0.4838975965976715 -0.3757593333721161 0.5516380667686462
-0.7047731876373291 1.1521276235580444 0.5102094411849976 -0.1569295674562454 0.6767079234123230
-0.4114435613155365 -0.0768832787871361 -0.4395874142646790 0.1696082353591919 -0.0534867160022259
0.3195207118988037 -0.6460080742835999 -0.0137988897040486 0.4114535152912140 0.1646395474672318
0.6107999682426453 -0.5142151117324829 -0.3149656057357788 0.5286847949028015 -0.6360163092613220
Bias Shape: (5,)
-0.1375667154788971
-0.0120596224442124
-0.3299705088138580
-0.5341097116470337
0.7771208286285400
Activation Code: 1

Weight Shape: (1, 5)
-0.5369483828544617 -0.7281649708747864 -0.2218612581491470 -0.9603204727172852 0.8967874050140381
Bias Shape: (1,)
0.2492466717958450
Activation Code: 0

