Weight Shape: (5, 1)
0.9483299255371094
1.0906260013580322
-0.8005142211914062
-0.5930244922637939
-0.6118057966232300
Bias Shape: (5,)
-1.2770230770111084
0.2821454107761383
-1.2840162515640259
1.2660299539566040
1.3011150360107422
Activation Code: 1

Weight Shape: (5, 5)
0.0452989004552364 -0.0822764858603477 0.3561497330665588 -0.2848768532276154 0.0152323618531227
0.0748287439346313 -0.3900566101074219 -0.0596468672156334 0.1567641943693161 -0.3204020559787750
-0.3488203287124634 -0.8714091777801514 -0.8526657819747925 0.1178644448518753 0.1962155997753143
0.3095149397850037 -0.3511964678764343 0.2261791527271271 -0.4394148886203766 -0.4283421635627747
0.8154029846191406 0.1065275594592094 -1.1693503856658936 0.3322933018207550 0.5106402039527893
Bias Shape: (5,)
-0.1309395879507065
-0.1253013014793396
0.5493286252021790
-0.4215681552886963
-0.7892690300941467
Activation Code: 1

Weight Shape: (1, 5)
0.1294203549623489 -0.2133388519287109 -0.8448900580406189 -0.1167553365230560 -0.7929184436798096
Bias Shape: (1,)
0.8032460212707520
Activation Code: 0

