46.83845520019531
51.283199310302734
51.283199310302734
-2.9844114780426025
-2.9844114780426025
51.283199310302734
15.275997161865234
29.713632583618164
-2.9844114780426025
51.283199310302734
51.283199310302734
3.3724982738494873
2.3459627628326416
51.283199310302734
17.009872436523438
-2.9844114780426025
19.290552139282227
-2.9844114780426025
51.283199310302734
-2.9844114780426025
-2.9844114780426025
-2.9844114780426025
51.283199310302734
51.283199310302734
11.983976364135742
32.45498275756836
12.736474990844727
-2.9844114780426025
51.283199310302734
-2.9844114780426025
51.283199310302734
21.38238525390625
20.55802345275879
25.415273666381836
14.791631698608398
-2.9844114780426025
-2.9844114780426025
-2.9844114780426025
-2.9844114780426025
14.84384536743164
-2.9844114780426025
51.283199310302734
5.676300048828125
47.081180572509766
-2.9844114780426025
-2.9844114780426025
51.283199310302734
51.283199310302734
-2.9844114780426025
-2.9844114780426025
51.283199310302734
-2.9844114780426025
-2.9844114780426025
-2.9844114780426025
-2.9844114780426025
-2.9844114780426025
22.81905174255371
13.94561767578125
44.67253494262695
-2.9844114780426025
9.694664001464844
51.283199310302734
10.884419441223145
-2.9844114780426025
-2.9844114780426025
-2.9844114780426025
-2.9844114780426025
5.700995445251465
-2.9844114780426025
24.88443374633789
-2.9844114780426025
23.5484561920166
45.60941696166992
-2.9844114780426025
4.679288864135742
51.283199310302734
14.03110122680664
-2.9844114780426025
51.283199310302734
16.894699096679688
21.53643035888672
-2.9844114780426025
17.20411491394043
51.283199310302734
-2.9844114780426025
-2.9844114780426025
25.786420822143555
-2.9844114780426025
30.22767448425293
22.27408790588379
-2.9844114780426025
51.283199310302734
-2.9844114780426025
-2.9844114780426025
-2.9844114780426025
32.270111083984375
-2.9844114780426025
34.09129333496094
-2.9844114780426025
-1.1924238204956055
28.258159637451172
51.283199310302734
-2.9844114780426025
51.283199310302734
-2.9844114780426025
6.946488380432129
-2.9844114780426025
51.283199310302734
10.488188743591309
-2.9844114780426025
-2.9844114780426025
2.980557680130005
51.283199310302734
-2.9844114780426025
15.115442276000977
-2.9844114780426025
51.283199310302734
51.283199310302734
7.244458198547363
1.1124646663665771
19.29384422302246
3.672309160232544
51.283199310302734
23.746204376220703
51.283199310302734
32.33512878417969
51.283199310302734
-2.9844114780426025
51.283199310302734
42.645870208740234
-2.9844114780426025
29.746702194213867
8.554062843322754
35.26042556762695
-2.9844114780426025
51.283199310302734
47.55009460449219
-2.9844114780426025
22.813045501708984
21.472837448120117
31.41361427307129
21.403793334960938
-2.9844114780426025
-2.9844114780426025
2.6904642581939697
34.37489700317383
5.081181526184082
-2.9844114780426025
51.283199310302734
-1.6342517137527466
4.678689956665039
18.3610897064209
-2.9844114780426025
-2.9844114780426025
-2.9844114780426025
-2.9844114780426025
-2.9844114780426025
-2.9844114780426025
7.301648139953613
-2.9844114780426025
28.65158462524414
-2.9844114780426025
15.883270263671875
31.33186912536621
-2.9844114780426025
51.283199310302734
48.509246826171875
-2.9844114780426025
50.7380485534668
7.458351135253906
-2.9844114780426025
36.555931091308594
4.49864387512207
-2.9844114780426025
-2.9844114780426025
4.616371154785156
-2.9844114780426025
-2.9844114780426025
-2.7236382961273193
48.6324348449707
-2.9844114780426025
24.94352912902832
-2.9844114780426025
-2.9844114780426025
-2.9844114780426025
23.02246856689453
35.449283599853516
-2.9844114780426025
29.48317527770996
-2.269815683364868
28.532882690429688
8.205058097839355
42.21283721923828
-2.9844114780426025
43.05524444580078
33.46198272705078
-2.9844114780426025
-2.9844114780426025
5.058758735656738
51.283199310302734
51.283199310302734
49.41899871826172
-2.9844114780426025
10.539507865905762
16.895090103149414
0.37424278259277344
12.276631355285645
12.413983345031738
15.525508880615234
30.896699905395508
-2.9844114780426025
-2.9844114780426025
-2.9844114780426025
8.4444580078125
-2.9844114780426025
9.946133613586426
0.840097188949585
51.283199310302734
0.10391616821289062
-2.9844114780426025
11.844101905822754
51.283199310302734
-2.9844114780426025
-2.9844114780426025
0.4247860908508301
-2.9844114780426025
0.9094727039337158
2.8338534832000732
30.107824325561523
-2.9844114780426025
6.594605445861816
-2.9844114780426025
-2.9844114780426025
-2.9844114780426025
-2.9844114780426025
36.095191955566406
31.10573387145996
-2.9844114780426025
-2.9844114780426025
-2.9844114780426025
44.204795837402344
-2.9844114780426025
-2.9844114780426025
47.22187805175781
11.972772598266602
49.02100372314453
-2.9844114780426025
-2.9844114780426025
-2.9844114780426025
-2.9844114780426025
51.283199310302734
-2.9844114780426025
35.8010368347168
-2.9844114780426025
43.49183654785156
-2.9844114780426025
-2.9844114780426025
-2.9844114780426025
-2.9844114780426025
51.283199310302734
35.543113708496094
20.796842575073242
2.6682546138763428
51.283199310302734
-2.9844114780426025
-2.9844114780426025
-2.9844114780426025
-2.9844114780426025
39.517356872558594
5.262067794799805
-2.9844114780426025
25.864540100097656
-2.9844114780426025
-2.9844114780426025
-2.9844114780426025
22.076406478881836
51.283199310302734
-2.9844114780426025
4.523893356323242
51.283199310302734
51.283199310302734
51.283199310302734
-2.9844114780426025
-2.9844114780426025
44.784523010253906
51.283199310302734
38.9282341003418
18.592002868652344
43.86638641357422
7.396520614624023
-2.9844114780426025
-2.9844114780426025
40.19384002685547
-2.9844114780426025
32.944496154785156
-2.9844114780426025
-2.9844114780426025
-2.9844114780426025
-2.9844114780426025
-2.9844114780426025
-2.9844114780426025
41.86023712158203
-2.9844114780426025
51.283199310302734
-2.9844114780426025
-2.9844114780426025
51.283199310302734
-2.9844114780426025
51.283199310302734
51.283199310302734
-2.9844114780426025
51.283199310302734
-2.9844114780426025
-2.9844114780426025
-2.9844114780426025
-2.9844114780426025
-2.9844114780426025
25.68389892578125
9.426140785217285
-2.9844114780426025
-2.9844114780426025
-2.9844114780426025
33.1314697265625
51.283199310302734
-2.9844114780426025
25.624631881713867
18.126798629760742
-2.9844114780426025
8.015151977539062
-2.9844114780426025
40.46027755737305
4.492743492126465
-2.9844114780426025
-2.9844114780426025
-2.9844114780426025
-2.9844114780426025
-2.9844114780426025
-2.9844114780426025
-2.9844114780426025
-2.9844114780426025
-2.9844114780426025
-2.9844114780426025
-2.9844114780426025
19.06595802307129
-2.9844114780426025
32.92109680175781
-2.811410903930664
20.773971557617188
-2.9844114780426025
51.283199310302734
51.283199310302734
-2.9844114780426025
9.598825454711914
14.87301254272461
-2.9844114780426025
-2.9844114780426025
-2.9844114780426025
-2.9844114780426025
-2.9844114780426025
-2.9844114780426025
-2.9844114780426025
43.034542083740234
-2.9844114780426025
19.130537033081055
-2.9844114780426025
-2.9844114780426025
51.283199310302734
14.36751937866211
-2.9844114780426025
-2.9844114780426025
17.390789031982422
3.986396551132202
51.283199310302734
19.89088249206543
-2.9844114780426025
51.283199310302734
4.831394195556641
51.283199310302734
12.46640682220459
-2.9844114780426025
14.205694198608398
-2.9844114780426025
-2.9844114780426025
5.833714485168457
-2.9844114780426025
-2.9844114780426025
51.283199310302734
-2.9844114780426025
-2.9844114780426025
51.283199310302734
25.91225814819336
47.43417739868164
-2.9844114780426025
-2.9844114780426025
-2.9844114780426025
25.663482666015625
-2.9844114780426025
-2.9844114780426025
-2.9844114780426025
35.904701232910156
-2.9844114780426025
-2.9844114780426025
-2.9844114780426025
-2.9844114780426025
38.19687271118164
51.283199310302734
51.283199310302734
16.615873336791992
20.56281280517578
-2.9844114780426025
-2.9844114780426025
-2.9844114780426025
-2.9844114780426025
-2.9844114780426025
10.1727294921875
9.846366882324219
-2.9844114780426025
-2.9844114780426025
-2.9844114780426025
-2.9844114780426025
29.236310958862305
21.201335906982422
-2.9844114780426025
-2.9844114780426025
-0.8419547080993652
-2.9844114780426025
5.780305862426758
0.39154863357543945
-2.9844114780426025
-2.9844114780426025
-2.9844114780426025
-2.9844114780426025
51.283199310302734
-2.9844114780426025
-2.9844114780426025
33.17738342285156
-2.9844114780426025
51.283199310302734
-2.9844114780426025
6.499091148376465
-2.9844114780426025
-2.9844114780426025
34.16708755493164
44.72623825073242
51.283199310302734
51.283199310302734
-2.4195597171783447
-2.9844114780426025
-2.9844114780426025
3.684274435043335
10.241189002990723
1.7504985332489014
-2.9844114780426025
25.92360496520996
2.1720283031463623
-2.9844114780426025
-2.9844114780426025
-2.9844114780426025
-2.9844114780426025
3.0879523754119873
-2.9844114780426025
51.283199310302734
-2.9844114780426025
51.283199310302734
35.98807144165039
-2.9844114780426025
50.535377502441406
-2.9844114780426025
5.734108924865723
-2.9844114780426025
51.283199310302734
42.02949523925781
20.33383560180664
-2.9844114780426025
-2.9844114780426025
24.372865676879883
10.790035247802734
-2.9844114780426025
18.356290817260742
-2.9844114780426025
11.175280570983887
26.819622039794922
4.171425819396973
-2.9844114780426025
-2.9844114780426025
34.06214904785156
12.313786506652832
-2.9844114780426025
46.059669494628906
-2.9844114780426025
3.796311616897583
-2.9844114780426025
51.283199310302734
-2.9844114780426025
-2.9844114780426025
46.29058837890625
-2.9844114780426025
26.919147491455078
51.283199310302734
-2.9844114780426025
