34.70869064331055
34.70869064331055
34.70869064331055
-39.618202209472656
-42.141517639160156
34.70869064331055
15.518827438354492
30.02925682067871
-17.750303268432617
34.70869064331055
34.70869064331055
3.5958168506622314
2.4882078170776367
34.70869064331055
17.254365921020508
-66.23719024658203
19.557458877563477
-86.75999450683594
34.70869064331055
-9.61757755279541
-3.6979615688323975
-18.58521842956543
34.70869064331055
34.70869064331055
12.1619291305542
32.75389099121094
12.970563888549805
-26.909984588623047
34.70869064331055
-43.831478118896484
34.70869064331055
21.61944007873535
20.79673194885254
25.694421768188477
15.051003456115723
-55.45219421386719
-72.41210174560547
-65.2144775390625
-10.670171737670898
15.075912475585938
-58.333343505859375
34.70869064331055
5.91514778137207
34.70869064331055
-47.54344940185547
-147.47659301757812
34.70869064331055
34.70869064331055
-20.715538024902344
-3.126436471939087
34.70869064331055
-27.51737403869629
-4.890987396240234
-6.329293251037598
-21.401948928833008
-55.945064544677734
23.11009407043457
14.180824279785156
34.70869064331055
-44.108787536621094
9.879475593566895
34.70869064331055
11.093697547912598
-73.17125701904297
-8.235686302185059
-34.09971237182617
-18.94730567932129
5.89583158493042
-5.9803924560546875
25.172460556030273
-22.205110549926758
23.80318832397461
33.550628662109375
-38.73402404785156
4.89193868637085
34.70869064331055
14.293996810913086
-94.44835662841797
34.70869064331055
17.0947265625
21.82489776611328
-24.59708023071289
17.467803955078125
34.70869064331055
-25.601491928100586
-31.262739181518555
26.069671630859375
-16.324298858642578
30.520475387573242
22.568389892578125
-9.625284194946289
34.70869064331055
-32.2955207824707
-46.97737503051758
-15.125306129455566
32.5733642578125
-22.306888580322266
32.887672424316406
-73.75437927246094
-1.0237176418304443
28.569171905517578
34.70869064331055
-13.472132682800293
34.70869064331055
-55.63020324707031
7.133106231689453
-69.34583282470703
34.70869064331055
10.737092018127441
-13.559945106506348
-81.58086395263672
3.117253303527832
34.70869064331055
-9.324061393737793
15.351149559020996
-20.0705623626709
34.70869064331055
34.70869064331055
7.483719825744629
1.3449504375457764
19.50545310974121
3.8794190883636475
34.70869064331055
24.01958465576172
34.70869064331055
32.62521743774414
34.70869064331055
-55.874263763427734
34.70869064331055
34.70869064331055
-67.08076477050781
30.029510498046875
8.746370315551758
34.70869064331055
-25.26798439025879
34.70869064331055
34.70869064331055
-28.717100143432617
23.111635208129883
21.735891342163086
31.679855346679688
21.640350341796875
-102.87300872802734
-59.48871612548828
2.858121395111084
34.08795928955078
5.262742042541504
-32.6661376953125
34.70869064331055
-1.4796535968780518
4.861499786376953
18.657739639282227
-33.016937255859375
-7.6388654708862305
-11.525742530822754
-10.961647987365723
-49.37844467163086
-53.084716796875
7.508072853088379
-11.181923866271973
28.92572021484375
-33.6030158996582
16.091915130615234
31.656156539916992
-85.86417388916016
34.70869064331055
34.70869064331055
-17.725080490112305
34.70869064331055
7.688767433166504
-10.793949127197266
33.88688659667969
4.687405586242676
-17.036806106567383
-33.586570739746094
4.860803604125977
-40.215152740478516
-26.63605308532715
-2.7272818088531494
34.70869064331055
-35.31098175048828
25.203083038330078
-27.485883712768555
-52.20415496826172
-28.37845230102539
23.335596084594727
32.276363372802734
-34.2450065612793
29.774600982666016
-2.1773245334625244
28.80173683166504
8.455366134643555
34.70869064331055
-41.91926193237305
34.70869064331055
33.76991271972656
-45.42088317871094
-33.67979431152344
5.209918975830078
34.70869064331055
34.70869064331055
34.70869064331055
-48.298423767089844
10.771590232849121
17.17826271057129
0.5710427761077881
12.503168106079102
12.624911308288574
15.746434211730957
29.667694091796875
-17.801151275634766
-3.84808611869812
-48.227176666259766
8.681703567504883
-22.684249877929688
10.213744163513184
1.001732587814331
34.70869064331055
0.31337428092956543
-24.53946876525879
12.088398933410645
34.70869064331055
-33.23417663574219
-7.997322082519531
0.6658575534820557
-12.807244300842285
1.1900529861450195
3.111851453781128
30.37748146057129
-60.3072624206543
6.78515100479126
-74.64458465576172
-16.881542205810547
-23.12236785888672
-59.068477630615234
33.5250358581543
31.373945236206055
-64.63311767578125
-63.385772705078125
-67.75911712646484
34.70869064331055
-58.454200744628906
-62.91785430908203
34.70869064331055
12.217525482177734
34.70869064331055
-15.28423023223877
-21.855913162231445
-50.81270217895508
-3.957266092300415
34.70869064331055
-55.61454391479492
34.70869064331055
-37.65566635131836
34.70869064331055
-56.52397918701172
-28.218740463256836
-22.319658279418945
-11.008138656616211
34.70869064331055
34.70869064331055
21.0887393951416
2.817354679107666
34.70869064331055
-22.55583381652832
-34.25482940673828
-24.864622116088867
-92.78163146972656
34.70869064331055
5.456998825073242
-49.6052360534668
26.132360458374023
-11.685931205749512
-12.042728424072266
-10.601798057556152
21.781898498535156
34.70869064331055
-83.13795471191406
4.707046031951904
34.70869064331055
34.70869064331055
34.70869064331055
-35.409114837646484
-5.874471664428711
34.70869064331055
34.70869064331055
34.70869064331055
18.81561279296875
34.70869064331055
7.694883346557617
-29.58613395690918
-7.472597122192383
34.70869064331055
-30.40382957458496
33.27703094482422
-21.00934600830078
-44.27967834472656
-128.95053100585938
-54.0676383972168
-67.45732879638672
-18.136640548706055
34.70869064331055
-35.17765808105469
34.70869064331055
-52.150699615478516
-13.566622734069824
34.70869064331055
-25.12371253967285
34.70869064331055
34.70869064331055
-35.163639068603516
34.70869064331055
-15.415911674499512
-3.8528034687042236
-34.62588119506836
-43.32960891723633
-52.711822509765625
25.930259704589844
9.618138313293457
-39.547786712646484
-9.75296401977539
-45.69961929321289
33.448486328125
34.70869064331055
-33.33706283569336
25.8778133392334
18.33371353149414
-14.384942054748535
8.2442045211792
-45.471099853515625
34.70869064331055
4.675726890563965
-98.48458099365234
-5.39034366607666
-13.141509056091309
-97.27226257324219
-20.19649887084961
-20.523296356201172
-15.681937217712402
-58.325904846191406
-21.5294246673584
-28.678354263305664
-27.126340866088867
19.310205459594727
-6.385837554931641
33.22146987915039
-2.827003240585327
21.06732940673828
-50.452171325683594
34.70869064331055
34.70869064331055
-5.770519256591797
9.842973709106445
15.095466613769531
-34.655330657958984
-17.200538635253906
-70.6216812133789
-30.48647117614746
-35.710628509521484
-61.17668914794922
-33.232139587402344
34.70869064331055
-22.043113708496094
19.414958953857422
-15.350207328796387
-10.846837997436523
34.70869064331055
14.569019317626953
-11.36125373840332
-39.694278717041016
17.630081176757812
4.1750993728637695
34.70869064331055
20.127918243408203
-56.59988784790039
34.70869064331055
5.027664661407471
34.70869064331055
12.772245407104492
-57.10573959350586
14.414934158325195
-102.38348388671875
-4.498364448547363
6.031737327575684
-50.0273551940918
-46.575477600097656
34.70869064331055
-63.02764129638672
-16.46327018737793
34.70869064331055
26.185476303100586
34.70869064331055
-95.40907287597656
-9.610042572021484
-10.186446189880371
25.94847869873047
-53.037174224853516
-31.439844131469727
-3.4599530696868896
33.87554168701172
-67.37904357910156
-61.23771667480469
-17.796918869018555
-91.15545654296875
34.70869064331055
34.70869064331055
34.70869064331055
16.844202041625977
20.82174301147461
-26.886903762817383
-39.400848388671875
-18.20113754272461
-114.55609893798828
-60.77538299560547
10.365409851074219
10.042537689208984
-67.40611267089844
-33.5289421081543
-53.44019317626953
-88.00603485107422
29.538753509521484
21.435836791992188
-63.70855712890625
-20.38730812072754
-0.6499693393707275
-34.76483154296875
5.993833541870117
0.563701868057251
-4.733425140380859
-43.57095718383789
-32.533424377441406
-52.69900894165039
34.70869064331055
-31.906282424926758
-105.33854675292969
33.514102935791016
-79.54344177246094
34.70869064331055
-90.62144470214844
6.7243499755859375
-56.4244499206543
-3.3784544467926025
34.45459747314453
34.70869064331055
34.70869064331055
34.70869064331055
-2.345374822616577
-40.43770217895508
-25.088895797729492
3.883402109146118
10.463274002075195
1.9037938117980957
-3.8235814571380615
26.2227725982666
2.402587413787842
-22.59601593017578
-19.89314842224121
-75.44031524658203
-4.5440778732299805
3.3465492725372314
-118.61180114746094
34.70869064331055
-61.2198486328125
34.70869064331055
34.70869064331055
-41.64336395263672
34.70869064331055
-4.942666053771973
5.934023857116699
-37.484439849853516
34.70869064331055
34.70869064331055
19.631826400756836
-40.26571273803711
-10.016397476196289
24.612396240234375
11.080345153808594
-63.57952117919922
18.57802963256836
-84.22771453857422
11.402902603149414
27.100814819335938
4.473465919494629
-50.46390151977539
-17.385160446166992
34.04277038574219
12.571783065795898
-25.687511444091797
34.70869064331055
-44.64657211303711
3.997678279876709
-69.61422729492188
34.70869064331055
-4.04844856262207
-20.526588439941406
34.70869064331055
-61.57218933105469
27.227624893188477
34.70869064331055
-6.96199893951416
