35.95852279663086
35.95852279663086
35.95852279663086
-39.684749603271484
-42.19322204589844
35.95852279663086
15.477790832519531
30.128459930419922
-17.9639949798584
35.95852279663086
35.95852279663086
3.376601219177246
2.3590519428253174
35.95852279663086
17.234699249267578
-66.08717346191406
19.550779342651367
-86.51676940917969
35.95852279663086
-9.909128189086914
-3.9397287368774414
-18.797243118286133
35.95852279663086
35.95852279663086
12.16118049621582
32.93035125732422
12.898664474487305
-27.084156036376953
35.95852279663086
-43.87724685668945
35.95852279663086
21.68837547302246
20.8522891998291
25.772319793701172
14.981056213378906
-55.4069709777832
-72.23118591308594
-65.10527801513672
-11.07672119140625
15.040792465209961
-58.244239807128906
35.95852279663086
5.712316036224365
35.95852279663086
-47.54475402832031
-148.68331909179688
35.95852279663086
35.95852279663086
-20.92589569091797
-3.4127488136291504
35.95852279663086
-27.700769424438477
-5.19970178604126
-6.649435520172119
-21.604642868041992
-55.89788055419922
23.1488094329834
14.12484359741211
35.95852279663086
-44.15338134765625
9.824014663696289
35.95852279663086
11.024269104003906
-73.00948333740234
-8.530399322509766
-34.225128173828125
-19.165124893188477
5.757414817810059
-6.27587366104126
25.234594345092773
-22.405258178710938
23.89042091369629
35.95852279663086
-38.83400344848633
4.714347839355469
35.95852279663086
14.198270797729492
-94.12120819091797
35.95852279663086
17.136144638061523
21.822595596313477
-24.792198181152344
17.42329216003418
35.95852279663086
-25.77837562561035
-31.375234603881836
26.15428352355957
-16.575929641723633
30.670236587524414
22.578956604003906
-9.945850372314453
35.95852279663086
-32.4255485534668
-46.9783935546875
-15.416519165039062
32.744483947753906
-22.497587203979492
34.09000015258789
-73.57701873779297
-1.244359016418457
28.658666610717773
35.95852279663086
-14.640115737915039
35.95852279663086
-55.57500076293945
7.026058197021484
-69.20398712158203
35.95852279663086
10.599525451660156
-13.954793930053711
-81.33944702148438
3.0128118991851807
35.95852279663086
-9.700115203857422
15.320552825927734
-20.29903221130371
35.95852279663086
35.95852279663086
7.306020259857178
1.0729851722717285
19.58230972290039
3.6931142807006836
35.95852279663086
24.08321189880371
35.95852279663086
32.814361572265625
35.95852279663086
-55.82602310180664
35.95852279663086
35.95852279663086
-66.95343780517578
30.187538146972656
8.66657543182373
34.80745315551758
-25.451114654541016
35.95852279663086
35.95852279663086
-28.85917854309082
23.148056030273438
21.793163299560547
31.874204635620117
21.700122833251953
-102.4852066040039
-59.42333984375
2.703622579574585
34.89661407470703
5.128688812255859
-32.776954650878906
35.95852279663086
-1.6919126510620117
4.718405723571777
18.592561721801758
-33.12925720214844
-7.956427097320557
-11.881929397583008
-11.312812805175781
-49.394142150878906
-53.04977798461914
7.386491775512695
-11.576704025268555
29.062833786010742
-33.73717498779297
16.111175537109375
31.776573181152344
-85.58029174804688
35.95852279663086
35.95852279663086
-17.981822967529297
35.95852279663086
7.534603118896484
-11.106500625610352
35.95852279663086
4.533583164215088
-17.27716827392578
-33.699031829833984
4.630712032318115
-40.2718620300293
-26.79084014892578
-2.956552505493164
35.95852279663086
-35.399383544921875
25.30023956298828
-27.66014289855957
-52.17957305908203
-28.531362533569336
23.329599380493164
35.74268341064453
-34.33222579956055
29.909807205200195
-2.4024314880371094
28.9466609954834
8.275089263916016
35.95852279663086
-41.99540710449219
35.95852279663086
33.94548034667969
-45.461795806884766
-33.79221725463867
5.124613285064697
35.95852279663086
35.95852279663086
35.95852279663086
-48.31330871582031
10.665617942810059
17.10973358154297
0.3361835479736328
12.43356704711914
12.585540771484375
15.742740631103516
31.32906723022461
-18.03525733947754
-4.07820987701416
-48.23823928833008
8.524381637573242
-22.881433486938477
10.046513557434082
0.8459792137145996
35.95852279663086
0.0577392578125
-24.717418670654297
11.980880737304688
35.95852279663086
-33.34182357788086
-8.345809936523438
0.4620790481567383
-13.168218612670898
0.9310464859008789
2.895430564880371
30.54540252685547
-60.24236297607422
6.659334182739258
-74.45313262939453
-17.11249351501465
-23.301504135131836
-58.99879837036133
35.897884368896484
31.569135665893555
-64.53116607666016
-63.27678298950195
-67.63318634033203
35.95852279663086
-58.39646530151367
-62.83224868774414
35.95852279663086
12.117511749267578
35.95852279663086
-15.675559997558594
-22.049976348876953
-50.81304168701172
-4.184666633605957
35.95852279663086
-55.58181381225586
35.615299224853516
-37.73653030395508
35.95852279663086
-56.46858596801758
-28.363920211791992
-22.524030685424805
-11.332601547241211
35.95852279663086
35.46778869628906
21.07652473449707
2.687394142150879
35.95852279663086
-22.745101928710938
-34.377872467041016
-25.038352966308594
-92.48119354248047
35.95852279663086
5.309556484222412
-49.60173416137695
26.2360897064209
-12.06235122680664
-12.391237258911133
-10.987567901611328
22.416597366333008
35.95852279663086
-82.90631866455078
4.5559492111206055
35.95852279663086
35.95852279663086
35.95852279663086
-35.528995513916016
-6.099027156829834
35.95852279663086
35.95852279663086
35.95852279663086
18.858509063720703
35.95852279663086
7.4991230964660645
-29.717134475708008
-7.789597034454346
35.95852279663086
-30.534841537475586
33.42018127441406
-21.22878074645996
-44.32444381713867
-128.38011169433594
-54.023231506347656
-67.309814453125
-18.373075485229492
35.95852279663086
-35.27029037475586
35.95852279663086
-52.1397590637207
-14.565940856933594
35.95852279663086
-25.30130958557129
35.95852279663086
35.95852279663086
-35.25688552856445
35.95852279663086
-16.082809448242188
-4.135596752166748
-34.7411994934082
-43.39677429199219
-52.698665618896484
26.058177947998047
9.551115036010742
-39.62934112548828
-10.072980880737305
-45.72246170043945
33.61301040649414
35.95852279663086
-33.45921325683594
25.998031616210938
18.39556884765625
-14.706951141357422
8.098538398742676
-45.49531936645508
35.95852279663086
4.532756805419922
-98.09867858886719
-5.673625469207764
-13.527769088745117
-96.93883514404297
-20.397844314575195
-20.74501609802246
-15.988227844238281
-58.25059127807617
-21.73240852355957
-28.82863426208496
-27.307527542114258
19.333534240722656
-6.674801349639893
33.39799880981445
-3.065459728240967
21.046342849731445
-50.44709777832031
35.95852279663086
35.95852279663086
-6.074467182159424
9.702547073364258
15.07271957397461
-34.75876998901367
-17.42407989501953
-70.4681625366211
-30.631044387817383
-35.79902267456055
-61.10280227661133
-33.35195541381836
35.95852279663086
-22.255332946777344
19.37880516052246
-15.710535049438477
-11.234960556030273
35.95852279663086
14.568113327026367
-11.71413803100586
-39.75218963623047
17.62947654724121
4.017529010772705
35.95852279663086
20.169189453125
-56.5542106628418
35.95852279663086
4.876558303833008
35.95852279663086
12.645153045654297
-57.05179977416992
14.400821685791016
-101.97069549560547
-4.7769551277160645
5.88925838470459
-50.016510009765625
-46.587738037109375
35.95852279663086
-62.937374114990234
-16.70927619934082
35.95852279663086
26.279020309448242
35.95852279663086
-95.0609359741211
-9.970870971679688
-10.573028564453125
26.03037452697754
-53.0211181640625
-31.581594467163086
-3.7269845008850098
35.81459426879883
-67.25813293457031
-61.1671257019043
-18.03383445739746
-90.87152862548828
35.95852279663086
35.95852279663086
35.95852279663086
16.84368896484375
20.85093116760254
-27.043689727783203
-39.473567962646484
-18.414791107177734
-114.06503295898438
-60.68667984008789
10.305309295654297
9.977428436279297
-67.27838897705078
-33.65869903564453
-53.40181350708008
-87.70857238769531
29.658567428588867
21.5069522857666
-63.61714553833008
-20.59124755859375
-0.8881611824035645
-34.87751770019531
5.827249526977539
0.3657722473144531
-5.0142645835876465
-43.60855484008789
-32.67135238647461
-52.66815948486328
35.95852279663086
-32.037261962890625
-104.9482421875
33.649688720703125
-79.32083129882812
35.95852279663086
-90.35041046142578
6.559239864349365
-56.37075424194336
-3.6569652557373047
34.676151275634766
35.95852279663086
35.95852279663086
35.95852279663086
-2.590203285217285
-40.524356842041016
-25.27043342590332
3.7007744312286377
10.365274429321289
1.7613897323608398
-4.061225891113281
26.284420013427734
2.1527841091156006
-22.801504135131836
-20.14077377319336
-75.25149536132812
-4.826328754425049
3.136195659637451
-118.09638214111328
35.95852279663086
-61.126277923583984
35.95852279663086
35.4320068359375
-41.689231872558594
35.95852279663086
-5.219791889190674
5.788897514343262
-37.55303955078125
35.95852279663086
35.95852279663086
20.597074508666992
-40.3421745300293
-10.377317428588867
24.738990783691406
10.966970443725586
-63.46291732788086
18.622737884521484
-83.94645690917969
11.314009666442871
27.20781898498535
4.245756149291992
-50.44657516479492
-17.614927291870117
34.21072769165039
12.46980094909668
-25.847929000854492
35.95852279663086
-44.6644401550293
3.8191652297973633
-69.46327209472656
35.95852279663086
-4.347908973693848
-20.724214553833008
35.95852279663086
-61.4879035949707
27.299367904663086
35.95852279663086
-7.233395099639893
