46.77684783935547
62.26081848144531
80.89030456542969
-40.22904968261719
-42.58333206176758
67.76316833496094
15.206305503845215
29.59952735900879
-18.003009796142578
122.81778717041016
75.38219451904297
3.3840932846069336
2.2707371711730957
54.93223190307617
16.920774459838867
-65.91291809082031
19.211610794067383
-86.05642700195312
74.79060363769531
-8.054549217224121
-3.84785795211792
-19.44315528869629
115.44632720947266
56.659976959228516
11.877071380615234
32.34320068359375
12.679771423339844
-27.74730682373047
65.26026153564453
-44.33681869506836
128.2259979248047
21.24993324279785
20.437711715698242
25.292924880981445
14.747085571289062
-55.48030090332031
-71.94935607910156
-65.16949462890625
-9.152159690856934
14.764253616333008
-58.31438064575195
58.88846206665039
5.683541297912598
47.0308952331543
-47.800453186035156
-146.3120880126953
94.98008728027344
59.97580337524414
-21.69535255432129
-3.277932643890381
90.1374740600586
-28.44803810119629
-5.033508777618408
-6.043665409088135
-22.404407501220703
-56.070526123046875
22.746307373046875
13.876306533813477
44.61875915527344
-44.6312370300293
9.609565734863281
64.91024017333984
10.815919876098633
-72.9272232055664
-7.216176509857178
-34.953529357910156
-19.605587005615234
5.661570072174072
-5.823200702667236
24.78237533569336
-23.314342498779297
23.42255210876465
45.5491943359375
-39.48350524902344
4.671875953674316
84.72602081298828
13.989306449890137
-93.3561019897461
58.00709533691406
16.758087158203125
21.457765579223633
-25.818859100341797
17.133319854736328
75.8943099975586
-26.83173370361328
-31.941526412963867
25.67148780822754
-15.541494369506836
30.11238670349121
22.203847885131836
-8.072325706481934
85.93624877929688
-33.26301574707031
-47.345420837402344
-13.508060455322266
32.16650390625
-23.391590118408203
33.978187561035156
-73.53282928466797
-1.2010414600372314
28.153738021850586
64.77735137939453
-12.82558536529541
65.62480163574219
-55.6558723449707
6.885533809661865
-69.21956634521484
68.14838409423828
10.4612455368042
-11.948128700256348
-80.86534881591797
2.899686813354492
61.47221755981445
-8.027703285217285
15.042479515075684
-20.130739212036133
62.55577850341797
80.60511016845703
7.23723840713501
1.1528538465499878
19.159591674804688
3.6683783531188965
66.09319305419922
23.638370513916016
72.46713256835938
32.22046661376953
65.97388458251953
-56.02842712402344
89.75711822509766
42.548484802246094
-66.87014770507812
29.627355575561523
8.49300765991211
35.16447830200195
-26.24445915222168
65.21239471435547
47.52361297607422
-29.63185691833496
22.74959373474121
21.382953643798828
31.26386070251465
21.260358810424805
-101.56854248046875
-59.53010559082031
2.6447525024414062
34.246456146240234
5.028845310211182
-33.54866409301758
52.512351989746094
-1.6584532260894775
4.6308794021606445
18.3223819732666
-33.902400970458984
-6.860943794250488
-9.318434715270996
-9.002317428588867
-49.722801208496094
-53.24481201171875
7.266678810119629
-9.262018203735352
28.5046329498291
-34.3953742980957
15.772357940673828
31.234024047851562
-84.7857894897461
66.29840087890625
48.45309066772461
-16.1469783782959
50.65997314453125
7.4469451904296875
-8.850407600402832
36.460960388183594
4.459711074829102
-16.338760375976562
-34.44721984863281
4.637833595275879
-40.880741119384766
-27.66960334777832
-2.8958282470703125
48.602352142333984
-35.75532531738281
24.80350112915039
-28.6699161529541
-52.56488037109375
-29.302364349365234
22.9635009765625
35.355201721191406
-34.73765182495117
29.36060333251953
-2.347768783569336
28.385557174682617
8.198078155517578
42.146644592285156
-42.50300216674805
43.01377487182617
33.3502082824707
-45.84783935546875
-34.33082962036133
4.979490280151367
56.836265563964844
135.62767028808594
49.37970733642578
-48.8731689453125
10.500639915466309
16.857189178466797
0.3813250660896301
12.215197563171387
12.340066909790039
15.43172550201416
30.776851654052734
-17.353506088256836
-3.9934463500976562
-48.55880355834961
8.421446800231934
-23.78232765197754
9.950526237487793
0.8133394718170166
55.792884826660156
0.1289639174938202
-25.63467025756836
11.800512313842773
85.88334655761719
-34.112998962402344
-7.104008197784424
0.48641443252563477
-10.591793060302734
1.0049916505813599
2.913512706756592
29.959436416625977
-60.188087463378906
6.5338358879089355
-74.02957153320312
-16.64654541015625
-23.99258804321289
-59.058067321777344
35.987945556640625
30.969268798828125
-64.50537872314453
-63.264488220214844
-67.68391418457031
44.113426208496094
-58.534515380859375
-62.82148361206055
47.16121292114258
11.93451976776123
48.984676361083984
-13.783491134643555
-22.692659378051758
-51.22878646850586
-4.113019943237305
75.3936996459961
-55.762088775634766
35.72055435180664
-38.32761764526367
43.402103424072266
-56.72187042236328
-28.905973434448242
-23.277111053466797
-8.96826457977295
65.5574951171875
35.443363189697266
20.73607063293457
2.601064682006836
137.31561279296875
-23.637266159057617
-35.06601333618164
-26.15050506591797
-91.79730224609375
39.432655334472656
5.225224494934082
-49.965736389160156
25.72796630859375
-9.60275936126709
-9.655805587768555
-8.79913330078125
21.95902442932129
54.52727508544922
-82.40721130371094
4.472937107086182
69.45751190185547
68.38453674316406
55.19725036621094
-36.27950668334961
-5.670731544494629
44.713924407958984
142.10357666015625
38.81937026977539
18.472091674804688
43.79865264892578
7.455958843231201
-30.28377342224121
-6.742496013641357
40.12256622314453
-31.178070068359375
32.86405944824219
-20.90989875793457
-44.67401885986328
-126.95332336425781
-54.20463562011719
-67.08639526367188
-17.68677520751953
41.80369567871094
-35.924293518066406
104.56904602050781
-52.685874938964844
-12.389824867248535
64.62007141113281
-26.033987045288086
78.06837463378906
82.48030853271484
-35.84962844848633
63.64936065673828
-15.13074779510498
-3.996819019317627
-35.51921081542969
-43.87932586669922
-52.99959182739258
25.522329330444336
9.354475021362305
-40.128299713134766
-8.15790843963623
-46.18906784057617
33.035709381103516
99.2184066772461
-34.10948944091797
25.474018096923828
17.99600601196289
-12.452628135681152
7.994389057159424
-45.94950485229492
40.396949768066406
4.450328350067139
-97.0133056640625
-5.441112041473389
-11.5463228225708
-96.34796142578125
-21.25973129272461
-20.550065994262695
-15.116390228271484
-58.178470611572266
-22.583290100097656
-29.513498306274414
-28.456249237060547
18.96598243713379
-6.045656204223633
32.80282211303711
-2.993377208709717
20.708662033081055
-50.55978012084961
60.92295455932617
114.9527816772461
-5.687546730041504
9.580142974853516
14.780901908874512
-35.3408317565918
-17.533267974853516
-70.29084014892578
-31.256528854370117
-36.30796813964844
-61.33943557739258
-34.06031799316406
42.97404098510742
-22.9147891998291
19.070220947265625
-14.824795722961426
-8.961530685424805
101.78231048583984
14.257763862609863
-9.217355728149414
-40.16236114501953
17.297840118408203
3.956854820251465
75.88383483886719
19.76936149597168
-56.83342742919922
91.4654769897461
4.805420875549316
64.84516143798828
12.493307113647461
-57.381683349609375
14.106363296508789
-100.7529525756836
-4.642905235290527
5.794785022735596
-50.146018981933594
-46.89939880371094
73.0320053100586
-62.94194030761719
-15.84965705871582
80.90856170654297
25.77779197692871
47.41868591308594
-94.24907684326172
-8.168489456176758
-8.552033424377441
25.553396224975586
-53.45740509033203
-32.525001525878906
-3.614548683166504
35.7786979675293
-67.211669921875
-61.312713623046875
-17.0566349029541
-90.48159790039062
38.09123992919922
71.09708404541016
89.16472625732422
16.51557731628418
20.466760635375977
-27.82319450378418
-39.880638122558594
-18.674612045288086
-112.76144409179688
-60.79294967651367
10.090353965759277
9.776200294494629
-67.09620666503906
-34.32136917114258
-53.69658279418945
-86.98846435546875
29.126882553100586
21.06935691833496
-63.80387878417969
-21.46461296081543
-0.8241158127784729
-35.53419494628906
5.757550239562988
0.3732564449310303
-4.877982139587402
-43.77849197387695
-33.43392562866211
-52.95864486694336
79.98182678222656
-32.68315887451172
-104.13188934326172
33.09220504760742
-79.19355773925781
86.75457763671875
-89.71524810791016
6.488654613494873
-56.25570297241211
-3.528980255126953
34.04982376098633
44.655670166015625
52.09714889526367
59.4769401550293
-2.5133376121520996
-41.20138931274414
-26.078121185302734
3.6636605262756348
10.192940711975098
1.7052136659622192
-3.9786858558654785
25.82208251953125
2.2023072242736816
-23.32557487487793
-18.929521560668945
-74.98682403564453
-4.684423446655273
3.1422557830810547
-116.91697692871094
120.30887603759766
-61.093727111816406
97.89033508300781
35.87169647216797
-42.09929275512695
50.51464080810547
-5.083930969238281
5.699863433837891
-38.077880859375
80.12039947509766
41.96532440185547
20.235544204711914
-40.768062591552734
-8.385175704956055
24.226831436157227
10.818482398986816
-63.383697509765625
18.239614486694336
-83.23344421386719
11.125821113586426
26.69515609741211
4.264771938323975
-50.65568161010742
-17.41254425048828
33.946678161621094
12.291020393371582
-26.72480583190918
46.027923583984375
-44.92142868041992
3.782536029815674
-69.31005096435547
69.34637451171875
-4.191019535064697
-21.5065860748291
46.23963928222656
-61.44697570800781
26.825313568115234
98.7238540649414
-6.374701976776123
