54.15161895751953
64.36730194091797
75.66898345947266
-46.636531829833984
-49.38958740234375
67.66991424560547
18.052555084228516
35.12577438354492
-21.25956153869629
100.76765441894531
71.99614715576172
4.036151885986328
3.176076889038086
59.72852325439453
20.266420364379883
-67.15390014648438
22.770910263061523
-78.80067443847656
71.38525390625
-11.245182991027832
-4.519683361053467
-21.887052536010742
96.39874267578125
60.799293518066406
14.15031623840332
38.22829055786133
15.053590774536133
-31.252302169799805
65.65799713134766
-51.41559982299805
104.18932342529297
25.37727928161621
24.313180923461914
30.086528778076172
17.369373321533203
-59.72914123535156
-71.48639678955078
-67.65376281738281
-12.465797424316406
17.61402130126953
-61.58736038208008
61.817848205566406
6.765222072601318
54.810089111328125
-53.13475799560547
-114.55851745605469
84.11161041259766
62.69443130493164
-24.233726501464844
-3.9503467082977295
80.39412689208984
-31.871854782104492
-5.861274242401123
-7.454573631286621
-25.254541397094727
-61.019466400146484
26.61455726623535
16.571250915527344
52.49403381347656
-51.7615966796875
11.580469131469727
65.33302307128906
12.933435440063477
-72.0890121459961
-9.790518760681152
-39.94078063964844
-22.19817543029785
6.836912155151367
-7.255884170532227
29.2792911529541
-26.08769416809082
27.74007225036621
53.43886184692383
-45.262577056884766
5.494091033935547
77.0375747680664
16.671646118164062
-83.43382263183594
60.77751922607422
20.216312408447266
25.48622703552246
-28.92584800720215
20.484956741333008
72.58271026611328
-30.36089515686035
-36.865020751953125
30.350679397583008
-18.933706283569336
35.524688720703125
26.118270874023438
-11.086216926574707
78.0876235961914
-38.073360443115234
-53.27399444580078
-17.92677116394043
37.892417907714844
-26.337575912475586
40.400699615478516
-73.02577209472656
-1.2490582466125488
33.17407989501953
65.8068618774414
-16.020187377929688
65.85621643066406
-59.62558364868164
8.373004913330078
-70.2592544555664
67.71244049072266
12.526927947998047
-16.01743507385254
-76.486572265625
3.7767646312713623
62.99114227294922
-11.381062507629395
17.792373657226562
-23.41333770751953
64.31476593017578
75.50604248046875
8.653843879699707
1.3683826923370361
22.74488639831543
4.293078899383545
66.09806823730469
27.952926635742188
70.09312438964844
38.042762756347656
66.30912017822266
-61.118526458740234
80.05821228027344
50.44208526611328
-68.3673095703125
34.91055679321289
10.055810928344727
41.63704299926758
-29.516077041625977
65.60067749023438
55.35799789428711
-33.91117477416992
26.567663192749023
25.030759811401367
37.34502029418945
25.68113899230957
-88.31123352050781
-63.976844787597656
3.404881715774536
40.54804229736328
6.232826232910156
-38.70670700073242
57.7078971862793
-1.635258674621582
5.763507843017578
21.62220001220703
-39.06163787841797
-9.015457153320312
-13.470809936523438
-13.150071144104004
-56.50306701660156
-58.12765884399414
8.552675247192383
-13.346373558044434
34.02188491821289
-39.15287399291992
18.800281524658203
36.86983108520508
-78.23644256591797
66.27356719970703
56.01924133300781
-20.770057678222656
56.20151901245117
8.725592613220215
-12.931665420532227
42.880794525146484
5.516871929168701
-20.07564926147461
-39.63764190673828
5.530157566070557
-47.54289245605469
-31.602075576782227
-3.093445062637329
55.7906608581543
-41.340606689453125
29.577266693115234
-32.37583541870117
-58.886356353759766
-33.3578987121582
27.04142951965332
41.50395584106445
-40.28232192993164
34.746829986572266
-2.52319073677063
33.82761764526367
9.862178802490234
49.774818420410156
-48.90166091918945
50.514583587646484
39.54927444458008
-53.01880645751953
-39.434326171875
6.10161018371582
60.40791320800781
109.20147705078125
56.00960159301758
-56.9019660949707
12.433939933776855
19.839351654052734
0.5857785940170288
14.537567138671875
14.574870109558105
18.336570739746094
36.641571044921875
-20.998104095458984
-4.7818145751953125
-54.84453201293945
10.162335395812988
-26.643573760986328
11.681344985961914
0.9758227467536926
59.196136474609375
0.19246156513690948
-28.9988956451416
14.134852409362793
78.60499572753906
-39.373287200927734
-9.302254676818848
0.40250635147094727
-15.126785278320312
1.0339221954345703
3.2155306339263916
35.76968002319336
-63.56971740722656
8.143036842346191
-72.13009643554688
-19.967458724975586
-27.12062644958496
-63.151302337646484
42.408695220947266
36.73456573486328
-66.75647735595703
-66.43386840820312
-69.22268676757812
52.161766052246094
-63.42971420288086
-65.55863189697266
54.56206512451172
14.125055313110352
55.63922119140625
-18.24547576904297
-26.163591384887695
-58.35123825073242
-4.5992751121521
71.68772888183594
-61.220062255859375
41.9633903503418
-44.34147644042969
51.50044631958008
-62.035247802734375
-32.985267639160156
-26.236980438232422
-12.941129684448242
65.91096496582031
41.81947708129883
24.39603614807129
3.4529011249542236
110.72794342041016
-26.62802505493164
-40.09019470214844
-29.70522689819336
-82.21711730957031
46.68087387084961
6.353891849517822
-56.320858001708984
30.58458137512207
-13.821491241455078
-14.270302772521973
-12.575987815856934
25.707603454589844
58.985931396484375
-76.70710754394531
5.711430549621582
67.91464233398438
67.03855895996094
59.73967361450195
-41.480552673339844
-7.095221042633057
52.79661560058594
116.08808135986328
45.9294548034668
22.02310562133789
51.89521026611328
8.640670776367188
-34.73933029174805
-8.705655097961426
47.392234802246094
-35.732879638671875
38.58042526245117
-24.8702392578125
-51.47945022583008
-103.0497817993164
-58.875579833984375
-68.379638671875
-21.287588119506836
49.430049896240234
-41.557411193847656
89.2238998413086
-60.5661506652832
-16.145889282226562
65.15885162353516
-29.367250442504883
74.03815460205078
75.864990234375
-41.44269943237305
64.42020416259766
-18.37529945373535
-4.837034225463867
-40.75358581542969
-50.54108810424805
-59.30451202392578
30.497783660888672
11.160816192626953
-46.23747253417969
-11.289512634277344
-53.28862380981445
38.936222076416016
86.04566192626953
-39.06003952026367
30.333168029785156
21.41610336303711
-16.781557083129883
9.468711853027344
-52.96453094482422
47.3804817199707
5.4461565017700195
-85.61781311035156
-6.565618515014648
-15.377970695495605
-85.6343765258789
-23.831207275390625
-24.17597770690918
-18.482412338256836
-61.01872253417969
-25.225271224975586
-33.60124969482422
-32.071205139160156
22.502071380615234
-7.543148517608643
38.9364128112793
-3.2490899562835693
24.5373477935791
-55.38990020751953
63.47334671020508
96.6268310546875
-6.891427516937256
11.329374313354492
17.715112686157227
-40.70401382446289
-20.251237869262695
-70.30198669433594
-35.56385803222656
-41.99416732788086
-65.56730651855469
-39.07130813598633
50.75981903076172
-25.70087242126465
22.598472595214844
-18.015207290649414
-12.918718338012695
88.52413940429688
17.135583877563477
-13.321881294250488
-46.67166519165039
20.58797264099121
4.775789737701416
72.05671691894531
23.6678524017334
-62.696495056152344
81.3221664428711
5.688570022583008
64.96879577636719
14.527963638305664
-63.3929443359375
16.91381072998047
-87.5506820678711
-5.4283671379089355
7.037446022033691
-54.774009704589844
-52.78451156616211
70.33069610595703
-65.82894134521484
-19.18906021118164
75.3694839477539
30.72172737121582
54.984275817871094
-84.32052612304688
-11.552238464355469
-12.179984092712402
30.151039123535156
-60.62728500366211
-37.103031158447266
-4.174199104309082
42.33000946044922
-68.44961547851562
-65.06710815429688
-21.065156936645508
-82.32937622070312
45.18117904663086
69.68730163574219
80.2318344116211
19.750083923339844
24.219263076782227
-31.694381713867188
-46.09672164916992
-21.63007354736328
-94.89752960205078
-64.89022064208984
12.176766395568848
11.633461952209473
-68.06561279296875
-39.15488052368164
-59.19532012939453
-79.93196105957031
34.311702728271484
25.122474670410156
-66.98939514160156
-24.00929069519043
-0.9891836643218994
-40.77228927612305
6.976803779602051
0.6086762547492981
-5.649682998657227
-48.962528228759766
-38.085941314697266
-58.534934997558594
75.23636627197266
-37.35858917236328
-89.89598846435547
39.00080108642578
-76.59107208251953
78.43848419189453
-80.55365753173828
7.648216724395752
-59.1692008972168
-4.211790084838867
40.290191650390625
52.57981491088867
57.42183303833008
62.1942138671875
-2.7544314861297607
-47.36925506591797
-29.371097564697266
4.535733699798584
12.129587173461914
2.106356143951416
-4.494027614593506
30.55681610107422
2.592778444290161
-26.637483596801758
-23.135042190551758
-73.10795593261719
-5.587453365325928
3.600898265838623
-97.98736572265625
99.62974548339844
-64.19493103027344
85.3827133178711
42.57170486450195
-48.73039245605469
57.07646942138672
-5.9355082511901855
6.868371963500977
-44.270633697509766
74.45854187011719
49.434017181396484
24.36907386779785
-46.99323654174805
-11.726271629333496
28.646486282348633
12.47378158569336
-65.87284088134766
21.66070556640625
-77.82964324951172
13.199995994567871
31.53093147277832
4.776244640350342
-55.67219161987305
-20.41286849975586
40.33430480957031
14.396288871765137
-30.4793643951416
53.73397445678711
-50.2014045715332
4.5185017585754395
-69.9006576538086
68.03978729248047
-5.065140724182129
-24.135536193847656
54.144554138183594
-64.80750274658203
31.548967361450195
86.14990997314453
-8.13542652130127
