1.4096222, -1.0296785, 0.8189447, 0.87599134, 0.8220957, -1.9174953, -0.30204216, -0.82931644, 2.0854495, -1.2728053, 1.0
0.11205205, -0.35823202, -0.4509136, 0.41478142, 1.0606761, 0.23123161, 0.9337864, -1.4857254, -0.21721223, -0.4674052, 1.0
1.6976206, 0.29791817, 0.85716945, -0.3760948, -0.30765426, 0.87159026, 0.35297096, 2.0175848, 0.20404111, -0.1094057, 0.0
0.899415, 0.7067456, 0.43010876, -0.17923671, 0.071301036, 0.4461832, -1.0431756, -0.4496077, 1.1397386, -0.93511814, 0.0
0.95816153, -1.5900291, 1.8719283, 1.0760696, 0.10760417, -1.7691586, 0.03394374, -0.27314726, 0.37067744, 0.39553422, 1.0
-0.5182847, 1.0955902, 1.2877556, -0.40429515, -1.5102775, 1.7420772, 0.032446023, 0.5810365, -1.5424324, 1.554056, 1.0
0.5409993, -0.85861427, -2.072278, 0.45241138, 0.5761954, -0.480461, -0.94284177, -0.0040858565, -0.12558708, -0.02393952, 1.0
-0.26319218, 1.5184562, -0.9093316, -0.24856833, -0.061843153, 0.22544245, 0.73223954, -0.7791496, 1.9646033, -1.4897504, 0.0
1.219056, 0.20007846, -0.21503392, -1.5200822, -2.2959452, 0.6696003, -0.09622058, 0.97298896, -1.117994, 1.8341799, 0.0
-1.2093455, -0.42406827, -0.29300386, 0.4149118, 1.0685581, -0.6481689, -1.7571454, -0.92436296, -0.000767576, -0.5305285, 0.0
0.7520236, 1.0720416, -0.13616434, 0.00509044, 0.14672112, 0.7826519, 1.4578046, 0.03891917, 1.2762831, -1.1179268, 0.0
0.21141785, 2.2569695, 0.45143795, -0.45667195, -1.6281806, 1.6706907, 0.6030117, 1.5477424, 0.79622227, 0.020735253, 0.0
-1.8151847, 0.97817135, 0.6708611, -0.540842, 0.23042354, 0.035527583, 1.0685353, 0.65854007, 0.530355, -0.8032392, 1.0
0.47362837, -0.6330048, 0.41270325, -0.41543764, 0.44731694, -0.49930364, 1.7368445, -1.8161604, 0.078944795, -0.308354, 0.0
1.081518, 1.29904, -1.5771625, -1.453676, -2.2086728, 1.3653306, -1.4574611, 0.20881641, -0.24347357, 1.0109054, 0.0
0.9005466, -0.8997915, 0.6618657, 0.9986186, 0.53318655, -1.3198209, 0.20074895, 0.9059037, 1.1030263, -0.522499, 1.0
-0.14786273, 0.27502355, -2.0206046, -0.3233055, 0.4542719, 0.08383321, 1.2443708, -1.6801652, 0.4585292, -0.73135936, 0.0
-0.16238618, 0.2712022, 1.4285934, -1.7172017, -0.39180413, 0.4493972, -0.8541928, -0.10768933, -0.5788117, 0.11756297, 0.0
0.6862926, 1.7092147, 0.6327819, -0.9467012, -0.09224464, 1.4700058, 0.2743099, 0.74060875, 1.1961854, -1.303658, 0.0
1.2374159, -0.856587, -0.84058505, 0.93159163, 1.0473772, -1.221988, -1.005897, 0.81616503, 1.5109524, -1.1592219, 1.0
-0.84818876, 0.95372576, -1.470181, -0.5333196, -0.10522916, 1.4194725, -0.51044667, 1.1891375, -0.8463818, 0.16402008, 1.0
0.1814339, -0.0041214745, -0.4319972, -0.40805894, 0.49168402, -0.06506493, 0.28915843, -1.1253216, 0.40137187, -0.6802717, 0.0
-0.37097883, 0.41104966, 0.822402, -0.8289255, -0.01909953, 1.1739478, 0.81479067, 0.8502179, -1.1144359, 0.31165263, 1.0
-2.17164, 0.5827627, 0.3251624, -1.3905928, 1.5938505, 0.6342361, 0.3445, 0.59071326, -0.44377202, -1.3640538, 1.0
0.3910093, -0.14336435, -0.10836128, 0.67154914, -0.35438406, -0.1945415, 1.6628015, 0.84745526, 0.12135682, 0.38459566, 0.0
0.6068523, 0.44444507, -0.039959557, -1.4771315, 0.12611817, 0.5593671, 0.056617722, -0.07921641, 0.31106538, -0.7576425, 0.0
-0.2936414, 0.10894486, 1.7875824, -0.077352844, 0.16684248, 0.70350695, -1.5607438, -1.1053532, -0.8028442, 0.2694395, 1.0
0.9854688, 0.60819733, -1.1666429, -0.4695464, -0.44545144, 0.25886676, 1.2408237, 0.30364135, 0.9729989, -0.509508, 0.0
0.10695835, -1.095726, 0.20714995, 1.2439542, -0.7276264, -1.0971636, 0.92576456, -0.027642565, -0.5976987, 1.4595975, 1.0
-1.7350944, 0.8907569, -1.7437621, -1.3710302, 0.3671704, 1.5508885, -0.7201921, -0.6983486, -1.4712541, -0.0029729067, 1.0
-0.4803359, -0.35967562, -0.4083326, 0.51278746, 1.8652893, -0.0005832845, 0.6457606, -0.51653606, 0.14507464, -1.2126321, 0.0
-1.3398521, 1.1716232, 0.019674351, 1.0548288, -1.9662627, 0.2392388, 0.16379662, -0.9637167, -0.12535758, 1.480279, 0.0
-1.5545273, 0.58848506, 0.7890661, -0.14514728, 0.43232828, -0.38014814, 1.359556, -0.10130767, 0.7168288, -0.85618263, 0.0
-1.9998715, 1.1019545, -1.3311406, -0.7025861, 1.7055606, 0.846674, 0.39442876, 0.053143173, 0.351571, -1.8606395, 1.0
-2.7136528, 0.8332164, -0.74201685, -1.9173241, 0.37060907, 0.11916686, 1.4479675, -0.60259885, -0.3944543, -0.6699132, 1.0
0.9055901, -0.9271935, 0.117125995, 0.81202596, 1.9065062, -1.3870744, -1.6166778, -0.86902905, 1.8412142, -1.9680945, 1.0
-0.5554139, 0.30671352, -0.93240434, -0.20575581, 1.0117589, 1.0562949, 1.8015053, 1.0917338, -0.65530133, -0.51014584, 1.0
-0.64868295, 0.7750117, -1.1969883, 0.067987576, 0.0250441, 0.32218516, -0.25139463, 0.3907588, 0.48317116, -0.4597315, 0.0
-0.27640924, -0.3925153, -0.5432685, 0.3245163, -0.918214, -0.461871, 1.1176974, 0.6590482, -0.6664573, 1.2311649, 1.0
-0.61481905, 0.001066924, 0.7060861, 0.2200436, 1.2793401, 0.14702073, 0.78832126, 1.0920489, 0.13386217, -0.94245833, 1.0
1.0479579, -2.2787848, 0.8572133, 1.004166, 1.2040105, -2.0856652, 1.1539918, 0.8314693, 0.2683642, -0.18324725, 1.0
0.4587859, -1.4902406, -1.8578403, 0.72173923, 0.70007557, -0.78430927, 1.2680066, 0.36067227, -0.7271436, 0.4530371, 0.0
1.31173, -1.1769807, -0.91994077, 0.765248, 1.486581, -1.5851581, -0.9023646, 0.6246197, 1.7055057, -1.5395584, 1.0
0.69673675, -2.9515376, 0.7276329, 1.3710561, 0.019662324, -1.4583353, 0.1437263, -0.6108429, -2.3993175, 2.4124813, 0.0
1.3549453, 0.56192476, 0.11307084, -1.3234088, -0.22731678, 0.682566, 1.7378248, 1.3442315, 0.62213963, -0.6841528, 0.0
-0.27633438, 0.2881742, -0.7181485, -0.5390069, 0.07390317, -0.08746188, -1.346541, -0.37235093, 0.40224156, -0.4724647, 0.0
-0.31233776, 0.12297462, 0.82470256, -1.5952533, -2.6129901, 0.2767379, 0.78275025, -1.8957419, -1.8312948, 2.5024664, 0.0
1.0468141, -1.1726836, 0.5612113, 0.9164019, -1.1757945, -1.9545468, 1.3274118, 0.7108806, 0.652795, 1.0302991, 1.0
0.48460057, -1.0409118, 2.043058, 1.1404756, 0.5618632, -1.0422226, -0.24874395, 1.0941032, 0.3057279, -0.02789654, 1.0
0.79704684, -1.8052614, -1.5365801, 0.9988979, 0.29544884, -1.8564849, 0.39434046, -1.065387, 0.1264952, 0.43559328, 1.0
-1.608992, -0.13700216, 0.7487747, 0.5043346, -0.5270146, -0.804021, -1.1566916, 0.74108577, -0.39676058, 0.8104512, 0.0
0.35926437, -1.2706351, 0.8352086, -0.7805903, 0.0045287055, -0.11804853, -1.3104771, 1.1277025, -1.7628375, 1.1042268, 0.0
0.32240167, -0.93202025, -1.1572187, 1.139182, -1.0374087, -1.5053797, -0.16437998, 1.8522696, 0.13865918, 1.2134669, 1.0
1.1784967, -0.26393265, 1.8840814, -0.106278546, 0.8924122, -0.06362302, -2.0430877, 0.2955231, 0.8067369, -1.07907, 0.0
-0.81604594, -1.2199161, 1.5343981, -0.4191883, 0.25556624, -0.8446135, -0.19729117, 0.4502635, -1.3044938, 0.7812205, 1.0
0.52868825, 1.584577, -0.1909287, -1.4506623, -1.9002036, 1.2736033, 0.41387612, -1.11246, 0.1653781, 0.5013436, 0.0
-0.38100055, 0.3626615, 0.96941394, -1.9386046, -3.340431, 0.43109813, 2.1281533, 0.35002676, -2.0857108, 3.027556, 0.0
0.44537985, 0.21429904, 1.8301989, 0.45642826, -1.9126304, 0.36035576, 1.4657779, 0.047461048, -0.79127896, 1.8695241, 0.0
-0.75809133, -0.2600557, 0.30051312, 0.07707092, -0.49924955, -0.09426807, -1.1111835, 0.65277106, -1.0055177, 1.0237259, 0.0
0.53602386, -1.2009599, -1.5660405, 1.1431894, -1.5533127, -1.2565712, -0.5689355, -0.24045447, -0.74941415, 2.1412501, 1.0
-2.3629882, 1.4037362, 1.4835833, -1.6227496, -0.6100408, 0.9422051, -1.5037211, -1.3327749, -0.77819526, 0.1583248, 1.0
-1.8783541, 0.37412453, 1.4472872, -1.575976, 0.74382913, 0.5897829, 0.40710196, 0.6228815, -1.0083518, -0.4292583, 1.0
0.19161998, -0.82062143, 0.62695634, 1.1646428, -0.35941923, -1.5516274, -0.70100856, -1.4921709, 0.652997, 0.41631293, 1.0
1.4142979, -1.9952081, -0.455628, 0.8983422, 0.35450754, -2.7464113, 1.4860439, -0.6390281, 1.3261535, -0.24368516, 1.0
-1.2088854, 1.3298603, -0.2969098, 0.15758437, 0.64529186, 0.4962758, 0.9262129, 0.34062782, 1.1589903, -1.3971281, 0.0
-0.7930702, -0.15022708, 0.2409578, 0.20412548, -0.5335569, -0.3366267, -1.0825635, 0.6767089, -0.55033505, 0.80459267, 1.0
-2.2211723, 0.24867384, 0.9830614, -1.3335605, 0.3903865, 0.09806773, 0.5010509, 0.30717176, -0.9590142, -0.091806054, 1.0
0.74522483, -0.8581525, 0.63676715, 1.0665469, -0.16893783, -1.2062337, 0.23772298, 2.0147884, 0.57749116, 0.28671402, 1.0
0.8467298, -0.045666076, -1.4576803, 0.90468633, -0.29496604, -0.46242455, -1.601625, 1.1263529, 0.9389822, -0.08499574, 1.0
-0.62696743, -0.4346513, 0.23254707, -0.065214105, 0.51900744, -0.25106436, 0.72548634, -0.56041247, -0.49818286, 0.011827592, 1.0
1.456769, -1.5379384, 0.16040161, 0.80884266, -0.07479567, -2.135857, -0.3479317, 0.47040537, 1.0940903, 0.04626363, 1.0
-0.32472134, -0.5466768, -1.8504837, -0.075157255, -0.6509192, -0.27403352, -0.587865, -1.38845, -1.0780942, 1.2050259, 0.0
0.36460626, 0.40853423, 0.82247823, -0.25859457, 0.49692073, 0.21795645, -0.4999412, -0.5405869, 0.83895665, -1.0053426, 0.0
-0.23308395, -0.32137793, 1.0296514, 1.401251, 0.32343966, -1.13792, 1.514891, 0.9350181, 1.06386, -0.37785742, 1.0
1.326393, -1.7475356, 0.6793984, 0.87681335, -0.45701545, -2.2517445, -2.7166479, 2.0948315, 0.63075453, 0.65621465, 1.0
-0.3946531, -0.31475005, -2.2314153, 1.3923246, -0.7327119, -0.54140943, -0.6121515, -0.4285655, -0.31932095, 1.1453727, 1.0
0.6246192, -0.6725169, 0.44195858, 1.2060628, 0.7225398, -1.1092975, -0.106281415, 1.4253644, 1.1589912, -0.69756866, 1.0
-0.7305665, 0.79580075, 0.3552348, 1.2901467, 1.1382091, 0.6294657, 0.2252203, 0.27123567, 0.7681281, -1.1430709, 1.0
0.10759086, -0.089763634, 0.8168159, -0.2913602, 0.60207754, 0.43759638, 1.758018, 0.30556265, -0.345289, -0.30522406, 0.0
1.4389117, -1.1063161, -1.5325576, -0.37312642, 1.5266817, 0.09385714, -0.07728333, 1.5200657, -0.29542, -0.7881553, 0.0
0.8619247, 0.68329793, -0.10979669, 1.472457, -0.46234405, 0.73000866, -0.5004902, 1.2182381, 0.59389704, 0.15511021, 0.0
-0.80203426, -0.10600659, -1.632886, -0.13974075, 0.3859658, 0.33207878, -0.21365972, -0.36247987, -0.878628, 0.20996417, 1.0
-0.58899295, 0.44857204, -0.860027, 1.2663044, 1.6379765, 0.32638523, -0.042701077, -1.4880457, 0.9278591, -1.5096406, 1.0
0.3575239, -0.779731, -0.2494477, 0.90343416, -1.2629448, -0.70181334, -0.008362923, -0.6310982, -0.7416525, 1.7532148, 1.0
0.38180947, -0.75034964, 0.5923873, 2.501156, -0.44257617, -0.40141344, -0.033736885, 1.9992974, -0.48913127, 1.3871785, 0.0
1.9809846, -1.7502608, -1.6605884, 0.5468745, 1.9191288, -2.2184203, 0.39423308, 0.5992641, 2.175863, -2.0233676, 1.0
-0.8435838, -0.4360822, 0.6309267, 1.760049, 0.16801415, -0.9120447, -1.744803, -0.76280147, 0.18256873, 0.3480597, 0.0
1.2818483, 0.20349379, 0.3429192, -0.5303858, -0.019737754, 1.1248329, 0.4440732, -0.11421724, -0.3790605, -0.005035287, 0.0
0.27369067, -0.028583976, -0.25612938, 1.1627208, 0.3476903, -0.35931104, 0.075055666, 0.21174715, 0.852248, -0.43667123, 1.0
-1.0906373, 1.1145185, -0.32844546, -0.20669703, 0.46788988, 1.2744472, 0.5229135, -0.66908234, -0.22178884, -0.5535598, 1.0
-1.651412, -0.47339007, -0.39069954, -1.316347, 1.6987, -0.019346973, -0.4566741, -0.33889142, -0.962109, -0.86409897, 1.0
-0.7460305, -0.18786494, -0.7499599, -0.5668047, -0.16626583, 0.254028, 0.777051, -0.2555411, -1.2041496, 0.7106669, 1.0
-1.642805, -0.30678573, 1.0420005, -1.2259514, 2.3244581, 0.06705571, 2.1216593, -1.0132318, -0.46341208, -1.6186062, 1.0
-0.26212078, 0.28901944, 3.4364798, 0.6331233, 0.2737813, 0.27033144, 0.32604405, 0.9597608, 0.17081459, -0.2148135, 1.0
0.33299276, 1.9253992, -0.119791165, 0.07699222, -2.9437466, 1.5957409, 0.9111367, 0.82467383, -0.20823328, 1.7471492, 0.0
-0.65846264, -0.4453803, -0.15366521, 0.527652, -0.028553143, -0.5029725, 0.52698594, 0.8670435, -0.44848707, 0.5341734, 1.0
1.3962077, 1.352764, -0.33729073, -1.2927433, -0.97795403, 1.0123352, 0.59920394, -1.4724886, 1.1265695, -0.61898154, 0.0
-0.1654421, -0.4792414, 1.3181226, -1.5287147, -1.2186352, 0.12368442, -1.1976413, -0.9155603, -1.7981265, 1.6385413, 0.0
-0.32120144, 0.22018981, 0.34089267, 1.1942314, 0.8576969, 0.38842753, -0.2642498, 0.42508996, 0.22858201, -0.52018005, 1.0
0.7953457, 1.3116562, -0.9208334, -0.21558943, 0.9419461, 1.2271152, -0.42504776, 0.5307647, 1.5238956, -1.9580687, 0.0
-0.8655567, 0.87749636, 1.0148405, -2.2689812, -0.3244205, 0.80523956, 1.0050584, 0.02686198, -0.47702506, -0.26746407, 0.0
0.50736403, -0.7840216, 2.8365605, 1.0681161, -0.27939427, -1.1068014, 0.10439163, -0.20594649, 0.3739487, 0.46453506, 1.0
1.7489467, 0.7898199, -0.26252404, -1.0424687, -0.85165566, 0.73642653, 0.17744166, -0.4176251, 0.85944825, -0.36110356, 0.0
0.20546788, -0.2617174, -1.8274087, 0.16232435, -0.22414155, 0.5195359, -0.6842502, -0.7037346, -1.0560924, 0.8396407, 1.0
0.08903148, 0.18029976, 0.016178116, 0.48641676, 0.68684274, 0.14365295, -0.3867685, 0.87513125, 0.56384236, -0.7459839, 0.0
-1.6052643, 0.17018673, -0.8828824, 0.23941252, 1.9408445, 0.05736637, -0.8646643, 0.8736951, 0.2756545, -1.5180318, 0.0
-0.6380308, 0.08383917, 2.383649, 1.2183027, 0.5319402, 0.017264318, 1.075519, 0.6185056, 0.11906062, -0.16762787, 1.0
1.5820065, 0.00046981417, 0.15300348, -0.91827595, 0.087247215, 0.24532528, 2.0303645, -1.1691673, 0.5968162, -0.65450025, 0.0
-0.9496568, 0.456073, 0.018190632, -0.33114892, 0.36087164, 0.48334563, 1.2817526, -0.34957868, -0.2765191, -0.29476553, 1.0
0.019971684, -0.49801463, 0.6506423, 0.268337, -0.21549875, 0.15198518, 0.61518496, 2.6462557, -1.0732253, 0.9399091, 0.0
2.020134, -1.6837562, 0.5616397, -1.0822511, 0.30109036, -0.1860196, -1.3656334, 1.225243, -1.231485, 0.5922298, 0.0
-0.3836376, 0.66802, 0.2564158, -0.95679945, 0.3388226, 2.2792299, -1.4777882, -0.7857051, -1.9208131, 0.3800466, 1.0
-0.098569036, 0.72074383, 0.67240906, 0.12032987, 0.6404896, 0.3735835, 2.1672323, 1.0780846, 0.98163986, -1.1703718, 0.0
0.46557495, 1.0684308, 0.7326762, 0.3535287, -0.2915316, 0.7602348, -0.59601873, -1.7728809, 0.9322091, -0.5167195, 0.0
0.32333982, 0.39199162, -0.53474396, 0.9106371, -0.16333303, -0.21923307, 1.2550895, 0.4836931, 1.0993978, -0.37348798, 1.0
-0.23319341, 0.070471734, 1.2624274, 0.0120807905, 0.15003626, 0.7093582, -1.1008744, 0.2378956, -0.8372447, 0.3306925, 1.0
-0.84268063, -0.15075724, 0.3058138, 1.3374114, 0.08402017, 0.007222271, 0.7669139, -0.20789407, -0.5914387, 0.64532983, 1.0
0.1398581, 0.27387583, -0.03101256, 1.0089242, -1.3585141, 0.16189165, -1.7595706, 0.4207389, -0.29060414, 1.3171153, 0.0
0.5432323, 1.4700105, 0.49914554, 0.80896723, -1.4028224, 1.4629434, 0.19205356, -0.08293745, 0.21037544, 0.684086, 0.0
0.5162616, -0.49918213, -0.2918882, 0.94717723, -0.5116035, -0.7218112, -1.145269, -2.0326612, 0.22549966, 0.60624796, 1.0
-0.014411947, -0.26198742, 0.9586178, 0.38270548, 0.18654567, 0.32755142, -0.21729992, -1.2497691, -0.7135407, 0.41252983, 1.0
-2.5328205, 0.5704685, -0.63636917, -1.4036398, 1.4272404, -0.8106561, -0.5291857, -0.722926, 1.0497143, -2.03414, 1.0
1.2663815, -1.7570271, 0.97648335, 0.9032385, -1.1489964, -1.7135665, -1.0280734, 0.28771815, -0.45290524, 1.7599516, 1.0
-1.0542643, -0.7219639, -0.96726614, -1.3602924, 0.5553421, 0.65127563, 1.274922, 0.66885114, -2.4485793, 0.8187585, 1.0
-0.2470597, 0.06802111, -0.21414134, 0.30937284, 0.79601246, 0.22115014, -0.6314669, 0.15761158, 0.12542713, -0.590841, 1.0
0.4752802, -0.72314864, 1.6883239, 0.8733723, 0.06894936, -1.069196, -1.2682134, -0.49086413, 0.5692879, 0.040179707, 1.0
0.68932843, -0.52287996, 1.2918918, 1.1026919, -1.1073077, -1.4693513, 0.04286053, -0.837369, 0.93471044, 0.7014517, 1.0
-0.42573094, -0.44748628, 0.6684421, -0.18673036, 0.6477604, 0.53616875, 0.10356214, 0.6591816, -1.3326918, 0.3346839, 1.0
-2.2586472, 2.3678348, -1.8799876, -0.9117077, -1.1146972, 1.7644035, 1.1744018, -1.7281741, -0.38620672, 0.21544243, 1.0
-0.017082658, 0.44473082, 0.61779517, -1.3719317, 0.43422806, 0.34607846, 0.52006817, -1.5558122, 0.37743106, -0.9758285, 0.0
1.009847, -1.0042256, -0.1671057, 1.0857528, -0.16496846, -1.1898985, -0.108343095, 1.723518, 0.48164773, 0.37282315, 1.0
1.989074, -1.0258008, 0.95948046, -0.04420584, 0.1700529, 0.57528263, -0.5256506, 1.7138689, -1.1163886, 0.6918187, 0.0
-1.5725399, 0.8447047, 2.7892578, 1.6432703, -0.037001193, 0.5983253, 1.0965687, 0.15073489, -0.1919774, 0.33585024, 1.0
0.16306052, 1.0367016, -1.1799064, -0.6445622, 0.35056856, 0.7016592, -0.6774795, -0.6909056, 1.0179865, -1.2564937, 0.0
-0.15113974, 0.095697455, 0.5037576, -0.76569337, -0.7377847, -0.4044482, 0.42630765, -1.3778672, 0.122488596, 0.27149472, 0.0
0.23564331, -1.3821043, 0.058281522, 0.7084674, 0.62244904, -0.5905741, -1.7221575, -0.38189295, -0.9696888, 0.6141439, 0.0
-0.09900349, -1.1738385, -1.555027, 0.50709623, 0.47048274, -0.7328557, 1.368351, -0.24697228, -0.74951124, 0.5110937, 1.0
-0.85065955, -0.6644991, -2.317835, -0.30288064, 1.2975172, -0.41386652, 0.32989582, -0.84556174, -0.4166497, -0.5907275, 1.0
1.6916381, -1.0510247, 0.7485596, 0.67398494, 0.5556304, -1.574182, 0.87439805, -1.6044599, 1.6310755, -0.883096, 1.0
-1.7529651, 0.47303262, 0.77261835, -0.63422316, 0.9602666, 0.21121661, 0.103154734, -0.78251445, -0.10147566, -0.88286495, 1.0
1.0732846, -1.6376404, -0.37351602, -1.0233411, 0.62280947, -0.50637835, 0.9863608, -1.6774038, -1.1455626, 0.33949995, 0.0
1.1931318, -0.8390345, 1.1357536, 1.0630914, 0.23857652, -1.5174358, -1.5178987, -0.37600777, 1.4769121, -0.5175669, 1.0
-1.0546212, 0.96320194, 0.06721505, 1.3793476, 0.7652832, 0.038886245, -0.9314266, 1.2688314, 1.4032807, -1.2261571, 0.0
0.4412863, -0.8755897, -1.3301029, 1.0372758, 0.5451483, -1.4350809, 0.9043723, 0.10787976, 1.0234733, -0.4718401, 1.0
-0.3497353, 0.5007955, 0.3943006, 1.3747345, -1.1828891, -0.117370404, -0.9025472, 0.6251239, 0.26022023, 0.9303182, 0.0
-0.21712425, -0.42304325, 0.59350795, 1.0623435, -0.8030494, -0.2477292, -0.3440177, 0.08414423, -0.82407653, 1.4147843, 1.0
-1.7082862, -0.27012935, -1.1988215, -1.1673511, 1.4970531, -0.36292356, 0.43952608, 1.2627186, -0.32622337, -1.0776294, 1.0
0.37194192, -0.0108398255, 0.15120853, 0.113107614, 0.17761296, -0.053781908, 1.7627393, -0.95784247, 0.37348965, -0.31317684, 0.0
0.13765126, 2.0352929, 1.665058, -0.4300787, -3.1202166, 1.5005877, -0.24296133, 2.8594801, -0.16372207, 1.7067821, 0.0
-0.6481468, 1.3961879, 0.58819985, -0.076350994, -0.1167029, 0.11138531, 0.5222355, 0.0044555524, 1.6678854, -1.2021677, 0.0
1.4103432, -1.1770569, -1.3226233, 0.61988586, 0.9671954, -1.3060474, -1.1497968, 0.2896558, 1.1311266, -0.88579226, 1.0
-2.0983038, 0.18121202, 1.4167466, -2.1884453, 0.2999664, 0.72605133, 0.24178046, -0.22418958, -1.9076328, 0.2958542, 1.0
-0.74803305, 0.29430476, 0.8106537, -0.59018964, 0.2150483, 1.2800692, -0.11369149, -1.4063729, -1.5184821, 0.4584275, 1.0
-0.90519834, 0.21505979, 1.3097852, -0.2838999, 1.0452251, 0.5905626, -1.5280147, -1.0551645, -0.41618028, -0.6457708, 1.0
1.2790375, 0.54133624, 2.5178506, -0.3360078, 1.2222975, 0.82431495, -0.22911134, -0.0020664951, 1.2050498, -1.8204225, 0.0
0.056299776, 0.7766197, -0.59587365, -0.25279173, -2.0178657, 0.7558657, -0.10142049, -1.6793694, -0.7272102, 1.5968072, 0.0
0.007184282, 0.36732182, -0.84750503, -1.434188, -0.9212948, 0.58758396, -2.008359, -1.1281551, -0.7450439, 0.632464, 0.0
-1.7040074, 0.32792363, -1.7066344, -0.6351543, 1.1003932, 0.044816073, 0.45663175, -0.45500737, -0.025664045, -0.9878626, 1.0
0.25913355, -0.80368304, -0.5123192, 1.1402695, 0.39301136, -0.8401057, -1.086056, 1.3968629, 0.21419188, 0.08603924, 1.0
0.4868007, 1.1632322, -1.2025406, -0.46852887, -0.7484183, 0.48269185, 0.05169311, 1.1114693, 1.1368527, -0.5148038, 0.0
-0.1900828, -2.5995278, -0.1732426, -0.11955114, 0.4721591, -1.9058092, 2.4028778, 0.95211124, -1.6933769, 1.270696, 0.0
0.21871372, -0.36317667, 1.0020319, -0.3829448, -0.04526382, -0.4607934, 0.38870427, 0.74045104, 0.06343085, 0.0025485125, 0.0
-0.96197456, 0.30840465, 1.6481376, 1.4111437, -0.28372005, 0.44937292, 0.29280522, -0.20676316, -0.65855044, 0.84470636, 1.0
2.0039015, -1.6361461, 0.2056125, 0.6911387, 0.39337137, -2.5517917, -0.114663735, 3.0227368, 2.0154016, -0.81197214, 1.0
0.311516, -0.42397127, 1.1768823, 0.007096257, 0.5237637, 0.7661176, 0.97906893, 0.28805274, -1.1918849, 0.36726403, 1.0
0.5406272, -0.80115926, -1.1860512, 1.3929398, 0.3726585, -1.4289321, -0.8752349, -0.12100678, 1.1377801, -0.34513927, 1.0
-2.3730686, 0.7670427, 0.22198644, -2.428793, 0.20114073, 1.1961126, -0.4884017, 0.14414395, -1.7859266, 0.089608535, 1.0
-0.7663344, -0.47246754, 1.2412511, -1.0148836, 1.8737371, 1.4646438, -1.3339926, 1.149343, -2.1812882, -0.29177138, 1.0
0.20145614, 0.3588327, 0.6219977, 1.4680434, -2.893792, 0.24641544, 0.2672456, -0.5036214, -0.977218, 2.9012601, 0.0
0.053986806, -2.0674412, -1.7542527, 3.623081, 0.8514513, -1.6282682, -1.6220678, 0.298926, -0.5041637, 1.091106, 0.0
-1.0117404, -0.4924859, -0.34703708, -0.5387464, 0.43436587, -0.15626764, -0.06842325, -0.69536495, -1.026095, 0.27301803, 1.0
1.9941359, 1.7867676, -1.3977957, -0.8470919, -0.11462212, 1.6246319, -1.0649239, -1.274081, 1.9028786, -1.7059106, 0.0
0.56003594, 1.2264454, 0.66844016, -1.6622558, -1.8344601, 1.1817561, -0.3929732, 0.9656366, -0.2653033, 0.73365384, 0.0
0.66344976, -2.5302167, -0.44592264, 1.3872491, 0.33556613, -1.2850502, -0.25208482, -1.6703376, -1.7894946, 1.7382859, 0.0
-0.9142353, -0.27537864, 1.1747296, -0.23793231, 1.0889276, -0.2641577, 0.19587839, -1.0854645, -0.1148201, -0.6913401, 1.0
0.087266706, 0.2351764, 1.8927536, 0.86787087, -0.8265904, -0.45465901, 0.03190763, 0.26534826, 0.65331906, 0.39596707, 1.0
0.6478872, -0.037895802, 1.2164954, -1.1360532, -1.808252, 0.52717966, -1.0006061, -1.5014213, -1.3771008, 1.791073, 0.0
-1.1329367, 1.1482885, 1.2963176, -0.2703284, -0.43422276, 0.28963572, -0.58227915, 0.47282088, 0.5721304, -0.34040555, 0.0
0.8806365, -0.97633606, 1.7340009, 1.141703, 0.9485821, -1.5188997, 0.76732206, 0.36886862, 1.4454893, -0.956315, 1.0
-0.6105113, -0.31109238, -0.13242306, -0.64383274, -1.0122496, -0.059624415, 0.18932728, 0.19839936, -1.3742095, 1.4369211, 0.0
0.30755913, 0.6096779, -1.2005306, -0.12794513, 0.07162695, 2.5540802, -0.1904765, -1.1907519, -2.013816, 0.8204737, 1.0
-1.1350256, 0.08828725, -0.8289853, -0.9136235, 0.9548626, 0.6852186, -1.7229315, -0.62719417, -0.98028654, -0.3837406, 1.0
0.53314525, -1.2995721, -0.24533668, 0.8402019, 0.42511964, -1.5817083, 0.52182925, -0.44340733, 0.49602798, -0.030588306, 1.0
-0.21105696, -0.965208, 1.2814965, 1.3090996, 0.26444766, -0.8689383, -0.64507335, -0.70712227, -0.3424072, 0.58064115, 1.0
0.95176685, -0.85926855, -0.6770272, 1.3606222, 1.0004797, -0.56011504, -0.103067525, 1.3557395, 0.5189369, -0.478183, 0.0
-0.4212869, -0.41920516, 0.66514087, -0.8792265, 0.736553, -0.37214583, 0.5828871, 0.4943438, -0.1586725, -0.53683877, 0.0
0.93983513, -0.1394886, 0.97139066, -0.6839441, 0.47896588, 0.053995576, 0.31519386, 0.48416063, 0.45251954, -0.74995446, 0.0
-1.0913862, 0.40214446, 1.0368116, 1.1279012, -0.015660662, 0.7662559, -0.6036283, 1.4638499, -0.8683864, 0.6701969, 1.0
-0.18292263, 1.2020259, 0.92039543, 0.446225, 0.11155211, 0.5179261, 0.87039, 0.071824685, 1.2843957, -0.99835706, 0.0
0.7275156, -1.4501199, -0.6961, 1.1708354, -0.11243686, -1.9908534, -0.8008737, -1.3415127, 0.63304126, 0.4068054, 1.0
0.08718139, 0.4022309, 0.54890877, -0.63004816, 1.2034163, 0.39341137, -1.1854892, -0.6828537, 0.776127, -1.5702618, 0.0
0.5274557, -0.6634876, -0.013554883, 0.12774242, 0.83191705, 0.027759474, -1.3390393, -0.050023388, -0.35286516, -0.22191347, 0.0
-0.3012895, 0.33933803, -0.84472066, -0.22498171, -0.40008917, 1.0064344, 0.9379263, -0.9538534, -1.1220285, 0.7588722, 1.0
-0.93558794, 1.2214872, 0.35363102, 0.6372894, 0.7723634, 0.20603862, 0.18546154, -1.073063, 1.6195954, -1.6017699, 0.0
-0.60975116, 0.18599801, 0.4453377, -0.16548532, -1.7563305, -0.30933937, -1.8451319, 0.8661076, -0.59787095, 1.5417714, 0.0
-1.0002197, 0.5772016, -2.3854525, 1.5280783, 0.25346732, 0.44838375, -1.4055635, -0.44800466, 0.044044267, 0.024742244, 1.0
0.9490926, -0.59950984, 0.17793964, -0.65113753, 0.28247964, 0.05458823, -0.8361931, -0.33577168, -0.3865094, -0.0169086, 0.0
0.68639237, -1.3433867, -1.8450555, -0.75185853, 0.33608168, -0.7221106, 0.32842496, 0.2616728, -0.7524891, 0.33333877, 0.0
0.0921849, -0.38731232, 0.43168, 1.4360785, 1.2457366, -0.58940065, -0.34846303, 1.0237509, 0.9423896, -0.9745581, 1.0
-1.5202258, 0.37099454, 0.26503184, -1.0595236, -0.19948247, 0.58221966, 0.9404753, -2.65437, -1.2335367, 0.49997282, 1.0
0.17771149, 0.6212961, -0.33694556, -0.039663024, -0.9820354, 0.14809461, -0.8383857, 0.7914611, 0.4131779, 0.31114903, 0.0
1.6000706, 0.20164812, 0.5467259, -2.1201673, -1.3692007, 1.4144634, 0.70300233, 0.39046007, -1.3981984, 1.1468956, 0.0
0.32152328, 0.8973142, 1.2918965, -0.50371516, -2.0118148, 0.6834933, 0.4945324, -0.027803278, -0.30232325, 1.2614133, 0.0
1.4760021, -0.81560534, 0.60320705, 0.6696436, 0.5419095, -1.6829262, 0.69676167, -0.46847194, 2.0131452, -1.1391609, 1.0
0.55876464, 1.6290052, -1.134056, 0.10619813, 0.46898013, 1.2150711, 0.087836914, -1.036595, 1.6958011, -1.7071033, 0.0
1.6414424, -0.96212536, -1.5179944, 0.86060786, -0.425368, -2.0393434, -0.1907176, 0.9587946, 1.8380136, -0.25106478, 1.0
-0.17784487, -0.21585973, 0.80279773, 1.5462847, 0.15207794, -0.5767591, 0.15167692, 0.9088712, 0.48653516, 0.062601335, 1.0
-1.5282582, 0.35781547, 0.121497825, 1.5912657, 0.20791422, 0.5217476, 1.0011001, 1.6816459, -0.7355206, 0.57099885, 1.0
0.091738336, -0.022423074, -0.30374017, -0.30228806, 0.43473172, 1.2098025, -1.0762353, 1.3366705, -1.3038148, 0.3130728, 1.0
-0.21970549, 3.0948381, 0.15771854, -0.5209913, -2.606349, 1.9656835, 0.7089617, -1.2729087, 1.013044, 0.3868712, 0.0
1.3488811, -2.1441681, -1.4995215, 1.1496016, 0.6323987, -2.486137, -0.42362332, -1.2085673, 0.8854221, -0.10692423, 1.0
-0.028666686, -0.24698657, 0.37208772, 0.38711992, 0.16794182, -0.35478178, -1.5210414, 1.1677918, 0.15051049, -0.04174563, 1.0
-0.47748345, -0.27176523, 1.9288859, -0.5262853, 0.0081879115, 0.57646555, 0.8420919, -0.14930311, -1.4914035, 0.7618907, 1.0
-0.45903084, 0.2454669, 1.3575487, 0.70371574, 0.04795732, -0.20014131, -0.031213313, -0.04244661, 0.4636581, -0.17106393, 1.0
-0.0076058162, -0.7556922, -0.18742645, 1.1520039, -0.13470773, -0.92282915, -0.37040392, 0.10161623, -0.035282623, 0.6064081, 1.0
0.0085335, 0.5958867, -1.2178164, -0.53463286, 0.008610433, 0.16225111, -0.64107364, 0.17213437, 0.7227353, -0.6910276, 0.0
0.31169182, -0.78229225, 0.15863518, 1.6340798, -0.47205752, -0.4835401, -0.025965903, 0.52273816, -0.57216775, 1.2569597, 0.0
-0.26301458, 1.6335999, 0.47933778, -0.8119632, -0.98061794, 0.88572496, 0.075025626, -1.0055144, 0.7948505, -0.3508486, 0.0
0.74590397, -0.8894053, 0.81258386, 1.0083718, 2.668039, -1.1196213, -0.6689905, -0.5352154, 1.8835071, -2.5100832, 1.0
-0.6012503, -0.39773804, 0.4065979, 1.2914274, 0.82920146, -0.22943343, 2.1948762, -0.98452765, -0.16823786, -0.080267996, 1.0
0.53524315, 0.43474552, -0.16244134, -1.3208216, -0.015905246, 0.59570897, 0.7369043, -0.086096846, 0.1474552, -0.52261746, 0.0
-0.98429954, 1.0279866, 0.80478495, -1.0812258, -1.4134622, 0.3486304, -0.2555581, -0.1686229, -0.18836823, 0.62480766, 0.0
1.1412644, -1.9162196, 1.4109088, 0.5340622, -0.4872228, -0.7622085, -1.1509277, -0.09395519, -1.6707361, 1.8886187, 0.0
2.2136474, -0.4032797, -0.8051535, -0.8976709, 0.43718055, 0.6212827, 0.06405994, 0.8190836, 0.029574402, -0.5079249, 0.0
1.1158494, -0.48890263, 0.8700965, -0.09423187, -0.90108335, -0.16936593, -1.3721709, -2.0229282, -0.39033848, 0.95367014, 0.0
-1.2356709, 0.89786565, 1.0491607, 0.47236854, 0.89940125, 0.2566439, -0.6664112, 0.3250392, 0.904523, -1.249729, 0.0
-0.25692186, 0.047362622, 1.3934745, 1.1507912, -0.34817755, -0.14191648, 0.9954496, 0.115587264, 0.024627676, 0.51340616, 1.0
-0.8502619, 1.1659421, 0.90695626, -1.7133683, -2.512292, 0.85484636, 1.3968765, 0.9753885, -1.147385, 1.7557814, 0.0
-0.5446143, 0.71875274, 1.361805, -0.88323647, -1.2657893, 0.6391294, -1.1161267, -1.2080599, -0.6983378, 0.9113368, 0.0
-1.0410494, 1.0284199, -3.0963993, 0.08457372, 1.4538866, 0.57026273, -1.8928355, -0.19590414, 1.0902832, -1.8934623, 1.0
-0.47323462, 0.97594565, -2.117917, 0.054420844, 0.12538698, 1.8376391, 0.8449025, 0.33155575, -0.9407599, 0.16811244, 1.0
-0.9010564, 0.7490317, -0.31089196, -0.3127591, 0.8431226, 0.2475064, 1.2088485, 1.1769798, 0.7747249, -1.2950906, 0.0
-0.4515106, 0.26866278, 1.3479122, 1.4270688, 1.1150206, -0.48849753, -2.6047149, -0.68731505, 1.4857515, -1.3403336, 1.0
-0.6876392, -0.19838895, 1.1659211, -0.5098257, -0.8065498, -0.54211575, -0.030607786, 0.422161, -0.51266855, 0.8244629, 1.0
-0.90441054, 0.72007954, 0.65131074, 1.6430446, 1.2911242, 0.13411818, -1.0370648, -0.73454314, 1.2753884, -1.4176207, 1.0
1.0678356, 2.2244918, 0.39647964, -0.34262466, -0.6226309, 1.3402245, 0.47763193, 0.17795639, 2.1997948, -1.4652026, 0.0
2.182732, -2.1697965, 1.2255051, 0.7272573, -0.16106242, -2.9307346, 0.53844386, 0.12887098, 1.4497904, 0.053563897, 1.0
-0.91584176, 1.5839434, 0.15534368, 0.73484534, -0.11156098, 0.77358395, 0.48878044, -0.22095942, 1.0556494, -0.7263406, 0.0
1.3856528, -1.705756, 0.17277627, 1.0305508, -0.842967, -1.9964057, 0.6976886, 0.86843807, 0.22650601, 1.1812845, 1.0
1.4636313, -0.14374088, -0.06713667, -1.1442152, -0.38651323, 0.2183562, -1.3670026, 0.21553634, 0.061035573, -0.027289411, 0.0
-0.7386106, 0.6901124, -0.14565182, -0.47272965, 0.7195294, 1.5313002, 0.31386578, -0.6954033, -0.915731, -0.3206715, 1.0
-1.4502319, 0.2577567, 0.32718, 0.3886951, 1.1885923, -0.09037171, -0.2432604, 0.81899506, 0.31884742, -0.98111457, 0.0
0.7007653, -1.5536687, 0.7311192, 1.4350668, -0.23448429, -1.8444922, 0.19295129, -0.48829764, 0.22589418, 0.8090639, 1.0
-0.23972426, 0.15411885, 1.4507993, 0.07587112, -0.88003355, 0.8645545, 0.30557746, 0.7535165, -1.4288498, 1.3995284, 1.0
-0.0003453393, 0.4054778, -0.5724165, 0.25244918, -0.2466623, 0.9318619, 1.0140146, 0.5057961, -0.6199627, 0.4621526, 1.0
0.055349782, -1.1710267, 0.49713537, 0.7535257, 0.42544082, -1.1813955, 0.6899767, -0.39565653, -0.090752415, 0.24303246, 1.0
-1.0379335, 0.3344121, -1.781369, -1.3013221, 0.33738545, 1.3571088, 0.8142797, 0.04671178, -1.7230157, 0.3058, 1.0
-2.1373882, 0.020676095, 0.37125587, -2.258502, 1.3691856, 1.2275507, 1.20957, -1.6973851, -2.2732117, -0.26491907, 1.0
0.78582996, -2.0093398, -2.1667793, 1.0467484, -0.15332454, -2.0315447, 1.9540071, -0.3025821, -0.21893641, 1.0210074, 1.0
1.6060693, 0.21991754, 0.6326559, -0.70506495, -0.0023008368, 0.4086417, -1.4606769, -0.46945342, 0.73389167, -0.6736077, 0.0
1.2363446, -1.314123, 0.8385585, 0.9862289, 1.1200823, -1.7641217, 0.92294955, 0.7548229, 1.4933074, -1.0617664, 1.0
1.0953493, -0.13738282, -0.024034573, -1.5364304, -1.022301, 0.7383955, 1.1980433, -0.68753976, -1.165884, 1.0169697, 0.0
-1.2551074, 0.70437944, 0.594285, -0.5177588, -0.13879053, 0.59305495, 0.111186124, 1.6899006, -0.4696854, 0.07210602, 1.0
0.016164321, 1.219015, -0.8920362, -0.5574577, 0.3415571, 0.8712528, -0.70666724, -0.72112966, 1.015791, -1.2744232, 0.0
0.14265756, -0.48422602, -1.7877985, 0.014891579, 0.47114098, 0.7117417, 0.505456, -0.91235906, -1.3481591, 0.5141237, 1.0
-0.26186484, 0.27763447, 1.3642532, -0.009352709, -0.200543, 0.7147966, -0.43153322, -0.045502577, -0.70929074, 0.45749757, 1.0
-0.1678356, -0.28706315, 1.1781373, 0.26973784, -0.38594434, -0.023345487, -0.12784344, -0.16256012, -0.71124846, 0.8174141, 1.0
-0.015267787, 0.54984224, -0.343805, -0.48319054, -0.2791008, -0.079256184, -0.02347504, -1.4195496, 0.7930114, -0.4911019, 0.0
-1.837788, 0.18868205, -0.45903653, -1.4350728, 0.12706892, 0.07358689, 0.48790106, 0.18720868, -0.94283116, 0.07400437, 1.0
-0.86368597, -0.6114945, -0.22317053, 1.2751389, 0.28640455, -0.51559925, 1.025228, 0.9982298, -0.5936434, 0.6125117, 1.0
-0.64575416, 1.3084133, 0.9183158, -1.7131519, -1.8551921, 1.2070276, 1.7778347, -0.710327, -0.8970353, 1.0910535, 0.0
-0.64445686, -0.58957523, 0.98197746, -0.07172615, -0.27415362, -0.8750997, 0.409781, -0.13538788, -0.38686422, 0.5781893, 1.0
0.7099987, -0.669012, -1.6455321, 0.986806, -1.2297306, -1.2171043, 0.20047385, -0.24534978, 0.31957603, 1.1353866, 1.0
0.11782393, -1.0415807, 0.40917474, -1.688971, 0.41456634, -0.21560645, 1.1968853, 0.9712964, -1.2817018, 0.26885, 0.0
1.1392399, -1.2735486, 0.5252353, -0.21994536, -0.9046646, -0.005678505, 1.2355732, -0.11511173, -1.8657734, 1.9400425, 0.0
1.4633758, 0.030785533, 1.2471526, -1.271644, 0.44316053, 0.71832496, 1.250054, -2.5999777, 0.13376261, -0.7566754, 0.0
0.4937634, 1.0190197, 1.2697552, -0.55276227, -0.7292046, 0.7299261, 0.51457757, 0.7566043, 0.59920394, -0.21938588, 0.0
-0.77962697, 1.1786567, -0.17982717, 0.6071238, 0.32473195, 0.43901718, 1.3773249, 1.4182688, 1.1155664, -1.000877, 0.0
-1.7718778, -0.8404451, 0.68081844, -1.0948626, 1.966517, -1.0701283, -1.8546182, 0.59341025, -0.14902447, -1.3393117, 1.0
1.0049684, -0.38186702, -0.44975987, -0.17448603, -1.0196424, 0.16348313, -1.6400765, -0.91458243, -0.7699005, 1.1994863, 0.0
0.9116702, 2.2050507, -1.0543604, 0.64505494, 0.099526584, 1.2735716, 1.4741138, 1.6091911, 2.6217306, -1.9770776, 0.0
-2.1900694, 1.6942503, 0.56319433, -1.4434643, 0.56085575, 1.5753999, -0.6312337, 1.1151366, -0.37778327, -0.9630741, 1.0
-1.3500209, 0.8994608, -0.6174544, -0.79553133, 0.7649593, 0.825489, -2.5277283, -1.9788301, -0.058834, -0.932748, 1.0
-0.19017091, 0.124305636, 0.089082085, 1.1247704, -1.2448684, -0.7473102, 0.89064205, -0.5429163, 0.482695, 0.89695245, 1.0
-0.35187185, -0.5342744, 1.2905295, 0.8376591, 1.2251569, -0.8106185, 0.032480318, 0.7278775, 0.65405434, -0.8926221, 1.0
0.4955741, -0.5191988, 0.9631956, 1.284574, -0.88945097, -1.2874042, 0.9582824, -1.2954986, 0.7259071, 0.70203376, 1.0
0.6834588, -1.4512113, -0.53938854, -0.79353964, 0.5798643, -0.37311077, 1.6207954, 1.3706119, -1.2448057, 0.43932965, 0.0
1.0635146, -1.4183695, 1.808369, 1.3866607, -0.72082245, -0.44006282, -0.7126841, -0.29177678, -1.3605173, 1.9605587, 0.0
1.8689249, -0.23245531, -1.008917, -0.87147546, -0.24845959, 0.17026478, 0.47005138, 1.1485054, 0.31488863, -0.1878597, 0.0
1.3064767, -1.0605943, -0.25382668, 0.84408706, 0.35472926, -2.089519, 0.18647157, 0.89712644, 1.9451371, -0.84900594, 1.0
-0.38947096, 1.0590597, -0.614264, -2.2922325, -2.879974, 1.0927669, -0.61248314, 0.64718795, -1.5876026, 2.1405647, 0.0
-0.5925807, 0.5753459, -2.6821196, 1.2507715, 0.13385518, 0.3515741, 0.07581897, -0.6240371, 0.31844917, -0.11345209, 1.0
-3.0537865, 1.3347703, -1.5750438, -2.0853806, 1.1927422, 0.675354, 0.41738334, -0.8771394, -0.07258981, -1.6188978, 1.0
0.32145342, 0.30110505, -1.8103474, -0.14285225, 0.43369174, 0.44543508, -0.25667787, -0.31872138, 0.3310333, -0.6261019, 0.0
-1.0842772, 0.9280889, -0.300179, -0.69404036, 1.0192484, 1.6765307, -0.5631366, -0.9104465, -0.7830136, -0.7218962, 1.0
1.3311663, 0.19682722, 1.2038071, -0.4594061, 0.50256824, 0.37318385, 0.26502097, 0.8582486, 0.8611169, -1.0399486, 0.0
-0.080328606, -0.3528806, -0.831719, 0.29198623, 1.2322313, -0.4059676, 0.45231995, -2.058933, 0.55569106, -1.0348644, 1.0
-0.22899541, 0.24482438, -1.2657535, 0.1766056, -0.41910276, 0.72882265, 1.7701682, -0.026348924, -0.85713154, 0.7507384, 1.0
0.85656965, -0.68246496, -1.5113894, 1.0039696, -0.12815975, -1.0660762, 0.08897771, -1.923891, 0.76762456, 0.08660663, 1.0
1.2131563, -1.0794294, 0.060556345, 0.95284444, 0.7199486, -1.7667863, 0.5535501, -1.9936687, 1.6525364, -0.9260792, 1.0
0.67057335, 0.28732607, 1.7497635, 0.0312939, -0.37681875, 0.36943328, -0.005234032, 1.1489403, 0.2074707, 0.071898535, 0.0
1.2012694, 1.2205441, -1.0721031, -0.68852586, 0.12103269, 0.96290565, -0.74356836, -1.1656687, 1.4821806, -1.4315826, 0.0
0.39564818, -0.7227782, 0.1120819, 1.4243506, 0.062746085, -0.42039424, 0.5879499, -1.3265241, -0.2467924, 0.6185415, 0.0
1.4615842, -0.59468114, -0.60168403, 1.1030759, 1.1002787, -1.4822901, 1.127215, 0.6137679, 2.4382908, -1.7367924, 1.0
-1.248245, 0.6282546, 0.30549493, -0.71645975, -0.22026208, 0.4823262, -0.72888035, -1.1878233, -0.50970435, 0.12716167, 1.0
-0.8851668, 0.027669324, -0.50826776, -0.10012297, -0.0821526, -0.1718995, -0.892157, -0.2552363, -0.31734315, 0.22688149, 0.0
0.12116902, 0.4493844, -0.14082156, -0.2191437, 0.478291, 0.1381938, 0.17915513, 1.609791, 0.85437673, -0.99443597, 0.0
-0.0018746603, -0.63013667, -0.5099659, -0.06403833, 0.92762315, 0.50581974, -0.20556933, 1.8694457, -1.1821218, 0.11516588, 1.0
0.7184921, -0.5404636, -1.6490837, 0.98136204, -1.4018917, -1.1922727, -2.172304, -0.40080366, 0.41186783, 1.1747956, 1.0
2.1646695, -0.3743111, -0.50516033, -2.090883, -0.14923827, 0.831282, -1.2639644, -0.23638682, -0.62716126, -0.015135734, 0.0
1.0648922, 2.2133763, -1.7794323, -3.3900993, -1.6826472, 2.3761446, 0.8410385, -0.30539, 0.05637402, -0.2577254, 0.0
0.686882, -0.9109004, -0.25521028, 0.9645833, -0.102868915, -1.1663148, 0.65698403, -1.434847, 0.432324, 0.30841064, 1.0
-1.3560165, -0.5499067, -0.22251144, -1.5128082, 1.2457199, 0.20021254, -1.0466413, 0.34797686, -1.4385023, -0.30884242, 1.0
0.77784574, 1.7942296, -0.15266226, -0.80981964, 0.60716945, 1.3435302, -0.2632427, 0.62767816, 1.9219706, -2.2031941, 0.0
0.7457785, -1.9612533, 0.70693344, 0.2823412, -0.6147605, -1.0649801, 0.6157176, 0.05595814, -1.6870687, 1.9558055, 0.0
-0.74836296, 0.8693842, -0.4899494, -0.3882622, -0.18207128, 0.3536677, 0.8178602, 0.85312605, 0.3889838, -0.38927335, 0.0
-1.7411714, 0.76575387, -1.0116452, -1.265737, 0.86435246, 1.1422594, 1.2551023, 0.003027927, -0.8966788, -0.617865, 1.0
0.62116814, -0.17792661, 0.7061732, -0.40063357, 0.50652736, 0.073382355, -0.43751764, 0.030187456, 0.21593273, -0.5543634, 0.0
0.40697658, -0.22222431, 0.47305778, 1.2130615, 0.8793626, -0.55336857, 0.5811735, 0.45915347, 1.1419066, -0.92174315, 1.0
0.87028533, -0.36425576, -0.6814397, -1.1207796, -0.46054873, 0.5034899, 1.9489801, -1.6326817, -1.0436593, 0.70780885, 0.0
0.01065732, 1.7007042, 1.4224784, -1.0971354, -2.8949504, 1.5188977, 0.80169195, -0.40237573, -0.7469739, 1.7929627, 0.0
-0.11173145, -0.8654451, 0.08635417, 0.44456756, 0.9655143, -0.5997009, 2.1754968, 1.0005466, -0.17408933, -0.26425505, 0.0
0.14413166, 0.09130711, 1.3449601, -0.16543381, 0.3172865, 0.06808707, 0.15195432, -0.75750685, 0.29768157, -0.46354684, 0.0
0.12271831, -0.7851972, 1.0911336, 0.3255538, 0.2508509, 0.20029342, -0.42592785, -1.2430077, -1.2910261, 0.8050002, 1.0
-0.7992977, 0.80241036, 1.2888362, 0.3858153, 0.1178263, -0.097573385, -0.09240569, 0.81545645, 1.0419382, -0.75579697, 1.0
0.895586, -1.216074, -1.4311073, 1.0743899, -0.48602545, -2.097957, 0.54371476, -1.3462418, 1.0443811, 0.36637726, 1.0
-0.9682392, 0.6305176, -0.15898775, 0.21349682, -0.8106799, 0.39694393, 0.588365, -0.72685504, -0.45498285, 0.74587244, 1.0
0.473456, 0.20870356, 0.06625871, -0.54303, 0.21252666, 0.2785634, 0.44842488, 0.74206567, 0.33115637, -0.5380115, 0.0
-0.21991092, 0.16673215, -0.27000484, 0.5379017, -0.94320714, 0.12512384, 0.85495585, -0.1527009, -0.45882386, 1.0302645, 1.0
0.9133731, 0.89035726, 2.1743338, -1.0337313, -0.47207883, 0.57293767, 0.8999751, -0.7950872, 0.92805946, -0.67782, 0.0
0.821557, -0.8320631, 0.0040328004, 1.0626161, 0.8538666, -1.4300314, -1.1770188, 1.0547732, 1.4761165, -0.960685, 1.0
-1.0494024, -0.36554918, 0.16891293, 1.5436846, -0.42997822, -0.6640146, 1.6563909, -0.08960916, -0.46662983, 1.0725403, 1.0
-1.0642436, 0.37279332, -1.095993, -0.44808373, -0.040070683, 0.42103747, 0.90745485, 1.4580287, -0.6194874, 0.1839285, 1.0
0.8679558, 0.44511503, -0.67905986, -1.0211773, -1.228398, -0.19412808, 0.29297403, -0.28192675, 0.75320417, 0.10238568, 0.0
-1.303561, -0.18493173, 0.62692475, -1.194428, 0.44546664, -0.1423462, -1.6297165, -0.7083618, -0.7720737, -0.10632027, 1.0
0.17322572, 0.68946356, 0.69743246, -0.573719, -1.6828227, 0.78384894, 1.0447046, -1.2074076, -0.6889963, 1.2735481, 0.0
0.2822447, -2.635215, 0.93063354, -0.47113928, 0.56992304, -1.6647074, -1.0212588, -0.7375335, -1.7539064, 1.1425346, 0.0
-0.05886825, -0.0735462, -1.6557142, 1.2921796, 1.9643115, -0.26140553, -1.5027313, -0.93307835, 1.3079326, -1.8181908, 1.0
-1.1531633, -0.3852102, 2.0639825, 0.038836457, 0.42440224, -1.2133476, 0.3396525, -0.24872118, 0.43838185, -0.39555717, 1.0
-1.4856651, 0.32637212, 0.7043692, -0.40048906, 0.9114585, -0.024752513, 1.1498612, 1.189807, 0.11222292, -0.87309796, 1.0
-0.9137828, 1.0322113, -1.1352632, -2.3329077, -1.8407267, 0.59507155, 1.445005, 0.64974946, -0.78261787, 0.9560421, 0.0
0.09802595, -0.40406355, -0.6459585, -0.44501394, -1.2021921, 0.34360504, -2.4727123, 1.0458724, -1.6905979, 1.7989861, 0.0
0.09244816, 0.14696112, -0.24172036, 0.21634029, -0.086411774, 1.2017689, -2.4959652, -0.19624045, -1.2427313, 0.7405344, 1.0
-0.28822067, -1.2810996, -0.95022595, 0.17496635, 0.23667446, -1.6817694, 1.7554233, 1.2842451, 0.005860268, 0.23280768, 1.0
0.93075895, -1.1996844, 0.18416551, 1.3502623, 0.38957316, -1.5810014, -0.55525446, 0.30002242, 0.92063403, -0.15111955, 1.0
-0.6918496, 2.84189, -0.3067863, -0.17785494, -3.0035393, 1.8875153, -2.2131443, 1.9299088, 0.2456132, 1.2602113, 0.0
0.26135725, 0.5944927, 1.3850347, -0.3249756, 0.6972423, 0.56986815, 0.31788063, 0.6237973, 0.7342767, -1.1613264, 0.0
-0.86566347, -1.3350755, -0.09114672, -1.0217072, -0.58332396, -1.2024555, 0.7172999, 0.9402425, -1.5594144, 1.4254806, 0.0
0.7401463, 0.5659781, 1.3904339, 1.2444731, -2.1682572, 0.4047999, 0.57080364, -0.5338923, -0.1643138, 1.8011787, 0.0
-0.78993344, 0.4405718, -0.22592126, 0.801143, -0.16982383, -0.5628342, -3.3560927, 2.0632932, 0.9343503, -0.28538936, 1.0
1.0562015, -0.3066769, -1.3800522, 0.55505055, -0.2016017, 1.3178492, -0.42879888, 1.0417169, -1.5791805, 1.1852026, 1.0
-1.8046368, 0.010119355, -1.732597, -1.1884843, 2.0906613, -0.30483446, 1.0653334, 0.3368845, 0.30299565, -1.9341192, 1.0
0.6754835, -0.33892298, 0.8811539, -1.6153866, -2.256465, 0.6513208, 0.65018445, 0.12713504, -2.2792768, 2.5755455, 0.0
0.7751731, 0.2373906, 1.416751, 0.0654579, -0.94856966, 0.66261137, 0.95534295, -0.9479756, -0.47284746, 0.8780734, 0.0
-0.6639454, 0.66003484, -1.275828, 1.3880755, 0.37592536, 0.5801645, 1.1418937, 0.8078422, 0.263583, -0.2507614, 1.0
-0.5082921, -0.49078715, 0.21972044, 1.0964903, 0.52857614, -0.20833589, 0.36410886, 2.7571797, -0.46334377, 0.27646255, 1.0
-0.023176437, -0.8954827, -0.17673008, 0.3407243, -0.6590666, -0.7517033, -0.62432176, -1.350223, -0.83024436, 1.2657669, 1.0
0.15012595, -0.9519467, 0.5627773, 0.056633703, 0.035303127, -0.013111063, -0.5980277, -0.03660038, -1.4122974, 1.0104681, 0.0
-2.0125086, 1.3074964, -0.587342, -0.27977726, -0.7078671, 0.05166743, 0.68677354, 0.8012439, 0.46300706, -0.100027494, 0.0
0.18312006, -0.30763167, 1.0925543, 1.1918712, -1.205941, -0.6034378, -0.14687033, 1.1790477, -0.14926074, 1.3343228, 1.0
0.4271286, -0.79420096, -0.75355214, 0.8232378, 0.5187414, -1.0600511, -1.0513685, 0.5372754, 0.6427169, -0.32105777, 1.0
-2.8262894, 0.57242745, -1.7306652, -1.9794858, 0.7677105, 0.3643533, 0.53144467, -0.5411555, -0.99164146, -0.57893085, 1.0
-1.3308249, -0.35752362, 1.1125349, -0.89474773, 0.83063924, -0.21545663, -0.4207345, 1.3796546, -0.7494785, -0.28096047, 1.0
-0.8613285, 0.3616237, -0.7470565, 0.45781735, 0.85819304, -0.26299083, 0.018533628, -0.2153943, 0.88929516, -1.0757904, 0.0
1.1480696, -1.2790548, 1.1371058, -1.4952097, -1.1506308, 0.041315112, 0.47515583, -1.1249046, -2.1699862, 1.9806256, 0.0
0.17290482, 0.14045738, 0.6118765, 0.039416224, -0.30417854, -0.0015017302, 0.6717701, 0.7794834, 0.1780811, 0.092736386, 0.0
-0.4316567, -1.3152637, 1.3314481, 0.5122795, 0.18430844, -1.3157585, 1.0081899, 0.7045818, -0.59174633, 0.68797034, 0.0
-0.7636969, -0.065381795, 1.1607707, 1.284263, 0.39063752, 0.40718362, -0.4727231, 0.50959235, -0.7546795, 0.46840212, 1.0
-0.31278983, -0.34315175, 0.94088787, -0.42664585, 0.6866629, 0.2873321, -0.034036912, 0.1611003, -0.7851265, -0.07903034, 1.0
-0.36459845, 1.632781, 0.51899195, -0.89253306, -1.0133756, 0.3096754, -1.4917951, -3.7481222, 1.432827, -0.68620557, 0.0
-1.5928657, 0.075517654, 1.3488512, -0.3892401, 0.9995018, -0.4377066, -0.28101093, 0.058597818, 0.20783629, -0.91302294, 1.0
0.004490227, 0.2302966, -2.1051862, 0.27449268, -0.086801715, 0.35782316, -1.6990207, 0.5537633, -0.09453669, 0.11582853, 1.0
-0.40141484, 0.87063104, 0.33183646, 0.44594225, -1.2721192, 0.4966851, -0.4379239, 0.609635, -0.07263659, 0.85053664, 0.0
0.70334494, 0.1303641, 0.23997839, -1.2654198, -0.7488694, 0.6799243, -1.1049955, 0.834228, -0.72614306, 0.58081394, 0.0
-0.04926915, -0.7561122, 1.9194587, 0.34318715, 0.7964138, -0.17223985, -0.19860555, -0.7973394, -0.59377897, 0.029324153, 1.0
1.0932844, -1.4188423, -1.0691756, -0.29807183, 0.45839489, -0.5298301, -1.3381675, 1.6628867, -0.7702613, 0.37022617, 0.0
-1.2868496, 0.862356, -0.8487094, -0.73599243, 0.58642554, 1.2542133, -1.0725561, 0.30610323, -0.7073118, -0.4294167, 1.0
-0.1680809, 1.8161013, -0.46799567, -0.6085106, -0.36019197, 1.1380075, -0.02327503, 0.24611679, 1.1695344, -1.0146856, 0.0
0.8988065, -0.8257606, 0.03841331, 0.88384336, 0.4153894, -1.4020349, 1.7449783, 0.71701384, 1.2538744, -0.5652263, 1.0
0.22063488, -0.59075063, 0.3124009, -1.6965804, 0.024599284, -0.2704655, 0.3005074, 0.05693539, -0.62435913, 0.0704988, 0.0
-0.7155194, -0.5581204, -0.18085122, 0.80750126, -2.1026945, -0.5017463, 1.1756591, -1.6311818, -1.7164353, 2.8441768, 0.0
1.035056, 1.0885849, -0.16043599, -0.4563515, 1.8308705, 1.5440574, 0.66389257, -0.10287969, 1.3461617, -2.519222, 0.0
0.13616894, 1.1202766, -1.023749, 2.7562563, -1.5035927, 0.47484884, -0.01844765, 2.0342622, 0.76549566, 1.036586, 0.0
-0.6008841, 2.1997478, -0.7609506, -0.037378658, -0.16433923, 1.1723176, 0.8845631, -0.99901843, 1.6427039, -1.3710788, 0.0
-0.12866955, -0.82114184, -1.1359423, 1.3778971, 0.09632749, -0.92381674, 0.49779537, 0.3792846, -0.07211964, 0.5323894, 1.0
-0.6886274, 0.106444985, -0.18978158, 0.33029363, 0.6640801, -0.1980187, 0.26871842, -0.20628373, 0.3851933, -0.62575364, 0.0
1.5506392, 0.26337802, 1.5857414, -0.44478944, 0.047527194, 0.5469728, -0.6101109, 0.82135487, 0.64654034, -0.61137223, 0.0
-2.2956443, 0.020820595, -0.12179244, -1.0902252, 0.18702509, -0.6634402, 0.79905677, -0.30102593, -0.49892536, -0.06533009, 1.0
0.5119104, -0.55918896, -0.44047722, 0.8335855, 0.07141313, -0.09293921, -0.7029223, 0.3376939, -0.37256733, 0.48886317, 1.0
1.885388, -0.788953, 0.5147976, -0.2622786, -0.9165894, 0.3456266, -0.24719153, -0.6708078, -1.0886014, 1.361262, 0.0
-0.98573595, -0.07993458, 0.58884573, 1.6963165, -0.02914693, 0.11010783, -1.7000684, 0.38838425, -0.717727, 0.8671728, 1.0
0.04943643, -0.08184441, 0.082707144, -1.0649803, 0.12385245, 0.09678619, -0.9161484, 1.2288786, -0.25577903, -0.1871806, 0.0
0.089716, -0.12706217, -2.1563516, 0.44831806, -0.36956593, 0.13690785, 0.62865746, 0.1476786, -0.47586516, 0.668579, 0.0
0.62596136, -0.39888793, 0.23219545, 1.6568325, -0.42564836, -0.87517136, -0.4080528, 0.13187236, 0.75389475, 0.39697346, 1.0
0.11393784, -0.20197341, 0.36811525, 1.0315378, 0.892967, -0.1618521, 0.88092256, 1.1636257, 0.49915108, -0.62580085, 1.0
-0.038534403, 0.21816048, -0.06825143, 0.12757413, -0.44596368, -0.015040866, 0.2725493, 0.43392685, 0.12952003, 0.22909807, 0.0
-0.6246366, -1.0389376, -0.3343263, 1.3114779, 0.26603037, -0.96821797, -0.8295805, -0.20993203, -0.58206385, 0.74252176, 1.0
-0.11462512, -0.41933507, 0.48343742, 0.51979977, -0.16482504, 0.121303976, 1.9923428, -1.0098089, -0.938601, 0.8724451, 1.0
0.4580812, -1.0333036, 0.7796082, -0.98696244, 0.4259594, -0.2690897, 1.7218273, 0.43434834, -0.9299736, 0.22646575, 0.0
0.48263544, -1.6659487, 2.1831312, 1.33265, 0.64857197, -1.6157645, -0.19364004, 0.32655415, 0.075348176, 0.25377, 1.0
-0.50656927, -0.14313442, -1.1969453, 0.2788964, 0.5959625, -0.22231509, -0.22524256, 0.13811995, 0.0800128, -0.35919562, 0.0
-0.3718649, -0.07901918, 0.86995846, 0.2870539, 1.6105332, -0.1331128, -0.45361504, 0.40279067, 0.67840797, -1.4484407, 0.0
-0.74962366, 0.64395744, -2.809254, 0.47315285, 0.44087023, 0.4781638, 1.2740942, 1.1157895, 0.26661262, -0.51226807, 1.0
1.5347891, -0.6729332, 0.9748324, 0.7048285, -0.40379953, -1.2792897, 0.85675085, -0.15251368, 1.2849267, -0.084288664, 1.0
0.8390522, 1.1093253, -1.5802271, -1.1028569, -0.96128476, 0.49075547, -1.5318061, -1.7614843, 1.0819745, -0.47627965, 0.0
0.055214006, 2.5910718, 0.76585436, -0.30018964, -1.4545573, 1.2679892, -0.39464056, -0.2621535, 1.8543333, -0.72824174, 0.0
-1.3206688, -0.26823285, -0.27127683, -0.70147604, 1.3549931, -0.15547065, -0.63446176, 1.1361803, -0.38520783, -0.84214807, 1.0
0.36041242, -0.87269956, 0.5219295, 1.0915577, 0.23117836, -1.1055329, 0.059645835, 1.5460625, 0.4080307, 0.105361074, 1.0
-0.87809265, 0.0011046514, 0.41329214, 0.20212471, 0.09292892, 0.32581246, -2.3273628, -0.20326892, -0.8638644, 0.4719348, 1.0
0.19814211, 0.037975974, -1.4411101, 1.3446064, 0.31323627, -0.24533005, 0.01984641, -0.16867, 0.77024376, -0.3399154, 1.0
