1e-06
1e-06
1e-05
1e-06
1e-06
1e-06
1e-06
1e-06
1e-06
1e-05
1e-06
1e-06
1e-06
1e-06
1e-06
1e-06
1e-06
1e-06
1e-06
1e-06
1e-06
1e-07
1e-06
1e-06
1e-06
1e-06
1e-07
1e-06
1e-06
1e-06
1e-07
1e-06
1e-06
1e-06
1e-06
1e-06
1e-06
1e-06
1e-06
1e-07
1e-06
1e-07
1e-06
1e-06
1e-06
1e-06
1e-05
1e-06
1e-06
1e-06
1e-07
1e-06
1e-06
1e-06
1e-06
1e-06
1e-06
1e-07
1e-06
1e-06
1e-07
1e-06
1e-07
1e-06
1e-06
1e-06
1e-07
1e-06
1e-06
1e-07
1e-07
1e-06
1e-06
1e-06
1e-07
1e-07
1e-06
1e-05
1e-06
1e-06
1e-06
1e-06
1e-06
1e-07
1e-06
1e-06
1e-07
1e-06
1e-06
1e-07
1e-06
1e-06
1e-06
1e-06
1e-06
1e-07
1e-06
1e-07
1e-06
1e-06
1e-06
1e-06
1e-06
1e-06
1e-06
1e-06
1e-06
1e-06
1e-06
1e-06
1e-06
1e-06
1e-06
1e-06
1e-07
1e-06
1e-06
1e-06
1e-06
1e-06
1e-06
1e-07
1e-06
1e-06
1e-05
1e-06
1e-06
1e-05
1e-06
1e-06
1e-06
1e-06
1e-07
1e-06
1e-06
1e-06
1e-06
1e-06
1e-06
1e-06
1e-06
1e-06
1e-05
1e-06
1e-06
1e-06
1e-07
1e-06
1e-06
1e-06
1e-06
1e-06
1e-07
1e-07
1e-07
1e-06
1e-07
1e-06
1e-07
1e-06
1e-06
1e-06
1e-06
1e-06
1e-06
1e-06
1e-06
1e-06
1e-06
1e-07
1e-06
1e-06
1e-06
1e-06
1e-06
1e-06
1e-06
1e-07
1e-07
1e-07
1e-06
1e-06
1e-06
1e-06
1e-07
1e-06
1e-06
1e-08
1e-06
1e-07
1e-06
1e-06
1e-06
1e-06
1e-06
1e-06
1e-06
1e-06
1e-07
1e-05
