0.0000024710188242
0.0000010028923469
0.0000121714475085
0.0000034157377016
0.0000054115348718
0.0000056131463850
0.0000016220242145
0.0000060700814863
0.0000053962868378
0.0000112570235729
0.0000089375800769
0.0000031269286089
0.0000019959178035
0.0000053176347166
0.0000027238155091
0.0000017555353224
0.0000027477463114
0.0000096972107144
0.0000076930490280
0.0000044612962906
0.0000026635974315
0.0000004524853985
0.0000066956042275
0.0000062180305918
0.0000053743759825
0.0000020056300158
0.0000005071345832
0.0000029818256664
0.0000071110945044
0.0000061903006170
0.0000003897235104
0.0000039922685779
0.0000014523974379
0.0000024365287281
0.0000043892044381
0.0000013554457112
0.0000041307652481
0.0000018740844467
0.0000014025606934
0.0000003823063803
0.0000069138190852
0.0000004655382568
0.0000030592529345
0.0000026933731831
0.0000018776459072
0.0000033821318652
0.0000170809943540
0.0000040715934588
0.0000012046610820
0.0000035597512178
0.0000002243274508
0.0000043736720521
0.0000030666547017
0.0000013891211017
0.0000035515509218
0.0000018912011157
0.0000021093043685
0.0000007043003443
0.0000011096830690
0.0000083909722051
0.0000005092199746
0.0000040290505297
0.0000006337300213
0.0000019525214441
0.0000038037965560
0.0000036047842187
0.0000005505377558
0.0000013427757608
0.0000035171401684
0.0000003582345798
0.0000009524385938
0.0000024717206202
0.0000022093678069
0.0000031710166652
0.0000003235466721
0.0000007221132989
0.0000030197773224
0.0000206796606363
0.0000046897498791
0.0000012545843795
0.0000020324887053
0.0000028013491189
0.0000026467008141
0.0000004040424102
0.0000017362972322
0.0000038973907550
0.0000009908649652
0.0000016882073801
0.0000027441296986
0.0000008554886399
0.0000016122220270
0.0000067771232040
0.0000014123955197
0.0000023237916835
0.0000012559561462
0.0000006375763562
0.0000018434548501
0.0000006172427049
0.0000044683325626
0.0000022462506195
0.0000019151472692
0.0000055485423758
0.0000042383400896
0.0000024164476287
0.0000061217612384
0.0000022080794162
0.0000044746077492
0.0000050317866425
0.0000030080279778
0.0000027056667289
0.0000024574253672
0.0000021580186513
0.0000073940585565
0.0000023932803366
0.0000002148108980
0.0000012792096307
0.0000017160759285
0.0000057465581449
0.0000014715156009
0.0000011712991883
0.0000016735784207
0.0000006855764081
0.0000010398773753
0.0000018538394606
0.0000108626631885
0.0000069585277060
0.0000017914786667
0.0000104620392491
0.0000088294517724
0.0000017339602252
0.0000028468834188
0.0000037626661928
0.0000002917701547
0.0000041641776249
0.0000021604047689
0.0000019419008197
0.0000074479308054
0.0000029056891258
0.0000018445795007
0.0000050010584829
0.0000032010633468
0.0000035581373581
0.0000161469316993
0.0000012300218941
0.0000030571455882
0.0000045886320450
0.0000007520625331
0.0000020766929509
0.0000013770716905
0.0000015766256294
0.0000018147660885
0.0000019358211212
0.0000003853805453
0.0000003288777286
0.0000006748931209
0.0000019230774555
0.0000004341801727
0.0000051554947618
0.0000003064840337
0.0000024134527923
0.0000041440839773
0.0000018339539594
0.0000018440507663
0.0000043983102174
0.0000046397807836
0.0000027316489906
0.0000025658784963
0.0000014880078147
0.0000010866654492
0.0000005679224309
0.0000022946923579
0.0000065151740003
0.0000013333334925
0.0000045541915803
0.0000025721128409
0.0000023600536023
0.0000022912140807
0.0000003553670744
0.0000004506204725
0.0000005714192923
0.0000061292965086
0.0000032035718682
0.0000050187376459
0.0000021050761774
0.0000009537486960
0.0000022153859405
0.0000081919937500
0.0000000277551493
0.0000017103188306
0.0000003713769225
0.0000043644605192
0.0000016447299238
0.0000038161361573
0.0000042804469942
0.0000085149403404
0.0000015151859714
0.0000040883493568
0.0000017838294823
0.0000006999284823
0.0000124401318899
