Weight Shape: (5, 1)
0.8886005282402039
0.5937753319740295
0.9329068660736084
-0.6713265180587769
0.0058658123016357
Bias Shape: (5,)
-0.5971382260322571
-0.6614714860916138
1.0696206092834473
-1.2443120479583740
-0.2327580451965332
Activation Code: 1

Weight Shape: (5, 5)
0.1880164593458176 0.0391503684222698 -0.3449020981788635 -0.2005420178174973 -0.4304915368556976
-0.1579226404428482 -0.3855179250240326 0.5307892560958862 0.6921282410621643 0.0774564892053604
-0.2846713364124298 -0.3788309693336487 -0.3423266410827637 -0.1568640470504761 0.1939423382282257
0.5405052900314331 -0.0179153978824615 0.3648247718811035 0.5988864898681641 -0.1389029622077942
0.8333976864814758 0.5289867520332336 -0.1206886097788811 0.0014602694427595 -0.0380608327686787
Bias Shape: (5,)
0.5686494708061218
0.2826604843139648
-0.1555414199829102
-0.0323667116463184
-0.4903980791568756
Activation Code: 1

Weight Shape: (5, 5)
-0.2288988530635834 0.5409866571426392 -0.2354783713817596 0.1553460806608200 -0.5428574681282043
0.2110669761896133 0.6768618822097778 -0.1659521907567978 -0.0623325705528259 -0.4574888348579407
-0.4695918858051300 0.3935616910457611 -0.1855584830045700 -0.1107236817479134 -0.2458587586879730
-0.0385082326829433 -0.4126999676227570 0.0322635769844055 0.3578719496726990 -0.2876851558685303
-0.5751258730888367 0.7552499175071716 -0.1476776450872421 0.6714589595794678 -0.3258047997951508
Bias Shape: (5,)
-0.0227454453706741
0.1349110901355743
0.1921946853399277
-0.0326561182737350
0.0110009023919702
Activation Code: 1

Weight Shape: (5, 5)
0.6171672344207764 0.2550652325153351 0.2216600477695465 -0.1394558101892471 0.6547290682792664
0.0847324132919312 -0.1326624751091003 -0.2815968394279480 -0.1869104355573654 -0.2740170955657959
0.0950280800461769 0.1203843504190445 0.1650446802377701 0.3378137648105621 -0.5880376696586609
-0.6562111377716064 -0.2610119283199310 -0.3845502734184265 0.1983614414930344 0.2789517045021057
-0.6339058876037598 -0.6858968138694763 -0.4528529047966003 -0.2831887900829315 0.3595379292964935
Bias Shape: (5,)
-0.2365982532501221
-0.3860282003879547
0.4800677597522736
0.4923778474330902
0.2517295479774475
Activation Code: 1

Weight Shape: (1, 5)
0.7464466691017151 -0.0447915270924568 -0.4437608122825623 -0.7286213636398315 -0.6518735885620117
Bias Shape: (1,)
-0.4429806768894196
Activation Code: 0

